game_id,game_date,team,opponent,home_away,team_score,opponent_score,shots_for,shots_against,result,goals_for,goals_against,games_played,wins,losses,ties,points,cum_goals_for,cum_goals_against,cum_shots_for,cum_shots_against,avg_goals_for,avg_goals_against,avg_shots_for,avg_shots_against,points_pct
2022020001,2022-10-07,NSH,SJS,home,4,1,32,31,W,4,1,1,1,0,0,2,4,1,32,31,4.0,1.0,32.0,31.0,1.0
2022020002,2022-10-08,NSH,SJS,away,3,2,18,33,W,3,2,2,2,0,0,4,7,3,50,64,3.5,1.5,25.0,32.0,1.0
2022020016,2022-10-13,NSH,DAL,home,1,4,32,29,L,1,4,3,2,1,0,4,8,7,82,93,2.67,2.33,27.33,31.0,0.667
2022020035,2022-10-15,NSH,DAL,away,1,5,30,22,L,1,5,4,2,2,0,4,9,12,112,115,2.25,3.0,28.0,28.75,0.5
2022020052,2022-10-18,NSH,LAK,home,3,4,32,35,L,3,4,5,2,3,0,4,12,16,144,150,2.4,3.2,28.8,30.0,0.4
2022020063,2022-10-20,NSH,CBJ,away,3,5,26,42,L,3,5,6,2,4,0,4,15,21,170,192,2.5,3.5,28.33,32.0,0.333
2022020083,2022-10-22,NSH,PHI,home,1,3,32,25,L,1,3,7,2,5,0,4,16,24,202,217,2.29,3.43,28.86,31.0,0.286
2022020115,2022-10-27,NSH,STL,home,6,2,42,35,W,6,2,8,3,5,0,6,22,26,244,252,2.75,3.25,30.5,31.5,0.375
2022020136,2022-10-29,NSH,WSH,home,0,3,34,35,L,0,3,9,3,6,0,6,22,29,278,287,2.44,3.22,30.89,31.89,0.333
2022020154,2022-11-01,NSH,EDM,away,4,7,23,37,L,4,7,10,3,7,0,6,26,36,301,324,2.6,3.6,30.1,32.4,0.3
2022020169,2022-11-03,NSH,CGY,away,4,1,32,30,W,4,1,11,4,7,0,8,30,37,333,354,2.73,3.36,30.27,32.18,0.364
2022020186,2022-11-05,NSH,VAN,away,4,3,30,45,W,4,3,12,5,7,0,10,34,40,363,399,2.83,3.33,30.25,33.25,0.417
2022020205,2022-11-08,NSH,SEA,away,1,5,25,20,L,1,5,13,5,8,0,10,35,45,388,419,2.69,3.46,29.85,32.23,0.385
2022020219,2022-11-10,NSH,COL,away,3,5,35,35,L,3,5,14,5,9,0,10,38,50,423,454,2.71,3.57,30.21,32.43,0.357
2022020232,2022-11-12,NSH,NYR,home,2,1,18,35,W,2,1,15,6,9,0,12,40,51,441,489,2.67,3.4,29.4,32.6,0.4
2022020254,2022-11-15,NSH,MIN,home,2,1,25,33,W,2,1,16,7,9,0,14,42,52,466,522,2.62,3.25,29.12,32.62,0.438
2022020267,2022-11-17,NSH,NYI,home,5,4,31,33,W,5,4,17,8,9,0,16,47,56,497,555,2.76,3.29,29.24,32.65,0.471
2022020285,2022-11-19,NSH,TBL,home,2,3,32,39,L,2,3,18,8,10,0,16,49,59,529,594,2.72,3.28,29.39,33.0,0.444
2022020297,2022-11-21,NSH,ARI,home,4,3,45,27,W,4,3,19,9,10,0,18,53,62,574,621,2.79,3.26,30.21,32.68,0.474
2022020311,2022-11-23,NSH,DET,away,0,3,26,29,L,0,3,20,9,11,0,18,53,65,600,650,2.65,3.25,30.0,32.5,0.45
2022020356,2022-11-29,NSH,ANA,home,2,1,41,35,W,2,1,21,10,11,0,20,55,66,641,685,2.62,3.14,30.52,32.62,0.476
2022020366,2022-12-01,NSH,NJD,away,4,3,24,28,W,4,3,22,11,11,0,22,59,69,665,713,2.68,3.14,30.23,32.41,0.5
2022020338,2023-01-17,NSH,CBJ,home,2,1,28,40,W,2,1,23,12,11,0,24,61,70,693,753,2.65,3.04,30.13,32.74,0.522
2022020320,2023-04-14,NSH,COL,home,3,4,21,34,L,3,4,24,12,12,0,24,64,74,714,787,2.67,3.08,29.75,32.79,0.5
2023020001,2023-10-10,NSH,TBL,away,3,5,31,34,L,3,5,25,12,13,0,24,67,79,745,821,2.68,3.16,29.8,32.84,0.48
2023020015,2023-10-12,NSH,SEA,home,3,0,35,23,W,3,0,26,13,13,0,26,70,79,780,844,2.69,3.04,30.0,32.46,0.5
2023020021,2023-10-14,NSH,BOS,away,2,3,36,30,L,2,3,27,13,14,0,26,72,82,816,874,2.67,3.04,30.22,32.37,0.481
2023020044,2023-10-17,NSH,EDM,home,1,6,44,30,L,1,6,28,13,15,0,26,73,88,860,904,2.61,3.14,30.71,32.29,0.464
2023020053,2023-10-19,NSH,NYR,away,4,1,27,24,W,4,1,29,14,15,0,28,77,89,887,928,2.66,3.07,30.59,32.0,0.483
2023020074,2023-10-21,NSH,SJS,home,5,1,34,32,W,5,1,30,15,15,0,30,82,90,921,960,2.73,3.0,30.7,32.0,0.5
2023020095,2023-10-24,NSH,VAN,home,2,3,18,24,L,2,3,31,15,16,0,30,84,93,939,984,2.71,3.0,30.29,31.74,0.484
2023020122,2023-10-28,NSH,TOR,home,3,2,24,35,W,3,2,32,16,16,0,32,87,95,963,1019,2.72,2.97,30.09,31.84,0.5
2023020140,2023-10-31,NSH,VAN,away,2,5,29,27,L,2,5,33,16,17,0,32,89,100,992,1046,2.7,3.03,30.06,31.7,0.485
2023020154,2023-11-02,NSH,SEA,away,2,4,34,31,L,2,4,34,16,18,0,32,91,104,1026,1077,2.68,3.06,30.18,31.68,0.471
2023020159,2023-11-04,NSH,EDM,away,5,2,34,35,W,5,2,35,17,18,0,34,96,106,1060,1112,2.74,3.03,30.29,31.77,0.486
2023020186,2023-11-07,NSH,CGY,away,2,4,18,39,L,2,4,36,17,19,0,34,98,110,1078,1151,2.72,3.06,29.94,31.97,0.472
2023020200,2023-11-09,NSH,WPG,away,3,6,23,37,L,3,6,37,17,20,0,34,101,116,1101,1188,2.73,3.14,29.76,32.11,0.459
2023020218,2023-11-11,NSH,ARI,home,5,7,42,25,L,5,7,38,17,21,0,34,106,123,1143,1213,2.79,3.24,30.08,31.92,0.447
2023020234,2023-11-14,NSH,ANA,home,2,3,30,20,L,2,3,39,17,22,0,34,108,126,1173,1233,2.77,3.23,30.08,31.62,0.436
2023020256,2023-11-18,NSH,CHI,home,4,2,31,31,W,4,2,40,18,22,0,36,112,128,1204,1264,2.8,3.2,30.1,31.6,0.45
2023020275,2023-11-20,NSH,COL,home,4,3,30,29,W,4,3,41,19,22,0,38,116,131,1234,1293,2.83,3.2,30.1,31.54,0.463
2023020288,2023-11-22,NSH,CGY,home,4,2,45,26,W,4,2,42,20,22,0,40,120,133,1279,1319,2.86,3.17,30.45,31.4,0.476
2023020297,2023-11-24,NSH,STL,away,8,3,35,39,W,8,3,43,21,22,0,42,128,136,1314,1358,2.98,3.16,30.56,31.58,0.488
2023020319,2023-11-26,NSH,WPG,home,3,2,26,34,W,3,2,44,22,22,0,44,131,138,1340,1392,2.98,3.14,30.45,31.64,0.5
2023020331,2023-11-28,NSH,PIT,home,3,2,25,31,W,3,2,45,23,22,0,46,134,140,1365,1423,2.98,3.11,30.33,31.62,0.511
2023020347,2023-11-30,NSH,MIN,home,1,6,27,31,L,1,6,46,23,23,0,46,135,146,1392,1454,2.93,3.17,30.26,31.61,0.5
2023020358,2023-12-02,NSH,NYR,home,3,4,40,25,L,3,4,47,23,24,0,46,138,150,1432,1479,2.94,3.19,30.47,31.47,0.489
2023020372,2023-12-03,NSH,BUF,away,2,1,29,35,W,2,1,48,24,24,0,48,140,151,1461,1514,2.92,3.15,30.44,31.54,0.5
2023020384,2023-12-05,NSH,CHI,away,4,3,30,28,W,4,3,49,25,24,0,50,144,154,1491,1542,2.94,3.14,30.43,31.47,0.51
2023020398,2023-12-07,NSH,TBL,home,5,1,30,33,W,5,1,50,26,24,0,52,149,155,1521,1575,2.98,3.1,30.42,31.5,0.52
2023020413,2023-12-09,NSH,TOR,away,0,4,18,37,L,0,4,51,26,25,0,52,149,159,1539,1612,2.92,3.12,30.18,31.61,0.51
2023020423,2023-12-10,NSH,MTL,away,2,1,32,37,W,2,1,52,27,25,0,54,151,160,1571,1649,2.9,3.08,30.21,31.71,0.519
2023020435,2023-12-12,NSH,PHI,home,3,2,22,39,W,3,2,53,28,25,0,56,154,162,1593,1688,2.91,3.06,30.06,31.85,0.528
2023020455,2023-12-15,NSH,CAR,away,6,5,30,31,W,6,5,54,29,25,0,58,160,167,1623,1719,2.96,3.09,30.06,31.83,0.537
2023020468,2023-12-16,NSH,WSH,home,3,1,23,22,W,3,1,55,30,25,0,60,163,168,1646,1741,2.96,3.05,29.93,31.65,0.545
2023020491,2023-12-19,NSH,VAN,home,2,5,28,35,L,2,5,56,30,26,0,60,165,173,1674,1776,2.95,3.09,29.89,31.71,0.536
2023020502,2023-12-21,NSH,PHI,away,4,2,31,31,W,4,2,57,31,26,0,62,169,175,1705,1807,2.96,3.07,29.91,31.7,0.544
2023020515,2023-12-23,NSH,DAL,home,2,3,21,34,L,2,3,58,31,27,0,62,171,178,1726,1841,2.95,3.07,29.76,31.74,0.534
2023020535,2023-12-27,NSH,CAR,home,2,5,37,25,L,2,5,59,31,28,0,62,173,183,1763,1866,2.93,3.1,29.88,31.63,0.525
2023020547,2023-12-29,NSH,DET,away,4,5,37,23,L,4,5,60,31,29,0,62,177,188,1800,1889,2.95,3.13,30.0,31.48,0.517
2023020562,2023-12-30,NSH,WSH,away,3,2,36,29,W,3,2,61,32,29,0,64,180,190,1836,1918,2.95,3.11,30.1,31.44,0.525
2023020579,2024-01-02,NSH,CHI,home,3,0,36,21,W,3,0,62,33,29,0,66,183,190,1872,1939,2.95,3.06,30.19,31.27,0.532
2023020595,2024-01-04,NSH,CGY,home,3,6,32,39,L,3,6,63,33,30,0,66,186,196,1904,1978,2.95,3.11,30.22,31.4,0.524
2023020614,2024-01-06,NSH,DAL,away,4,3,22,29,W,4,3,64,34,30,0,68,190,199,1926,2007,2.97,3.11,30.09,31.36,0.531
2023020629,2024-01-09,NSH,ANA,home,3,5,42,33,L,3,5,65,34,31,0,68,193,204,1968,2040,2.97,3.14,30.28,31.38,0.523
2023020651,2024-01-12,NSH,DAL,away,6,3,38,22,W,6,3,66,35,31,0,70,199,207,2006,2062,3.02,3.14,30.39,31.24,0.53
2023020666,2024-01-13,NSH,NYI,home,3,1,28,25,W,3,1,67,36,31,0,72,202,208,2034,2087,3.01,3.1,30.36,31.15,0.537
2023020680,2024-01-15,NSH,VGK,away,1,4,35,29,L,1,4,68,36,32,0,72,203,212,2069,2116,2.99,3.12,30.43,31.12,0.529
2023020699,2024-01-18,NSH,LAK,away,2,1,33,34,W,2,1,69,37,32,0,74,205,213,2102,2150,2.97,3.09,30.46,31.16,0.536
2023020708,2024-01-20,NSH,ARI,away,2,3,32,24,L,2,3,70,37,33,0,74,207,216,2134,2174,2.96,3.09,30.49,31.06,0.529
2023020726,2024-01-22,NSH,FLA,home,1,4,27,38,L,1,4,71,37,34,0,74,208,220,2161,2212,2.93,3.1,30.44,31.15,0.521
2023020752,2024-01-25,NSH,MIN,away,3,2,29,24,W,3,2,72,38,34,0,76,211,222,2190,2236,2.93,3.08,30.42,31.06,0.528
2023020761,2024-01-27,NSH,EDM,away,1,4,29,21,L,1,4,73,38,35,0,76,212,226,2219,2257,2.9,3.1,30.4,30.92,0.521
2023020775,2024-01-29,NSH,OTT,away,3,4,28,35,L,3,4,74,38,36,0,76,215,230,2247,2292,2.91,3.11,30.36,30.97,0.514
2023020779,2024-01-31,NSH,LAK,home,2,4,42,24,L,2,4,75,38,37,0,76,217,234,2289,2316,2.89,3.12,30.52,30.88,0.507
2023020815,2024-02-10,NSH,ARI,home,5,4,37,31,W,5,4,76,39,37,0,78,222,238,2326,2347,2.92,3.13,30.61,30.88,0.513
2023020831,2024-02-13,NSH,NJD,home,2,4,32,47,L,2,4,77,39,38,0,78,224,242,2358,2394,2.91,3.14,30.62,31.09,0.506
2023020847,2024-02-15,NSH,DAL,home,2,9,29,41,L,2,9,78,39,39,0,78,226,251,2387,2435,2.9,3.22,30.6,31.22,0.5
2023020855,2024-02-17,NSH,STL,away,5,2,33,37,W,5,2,79,40,39,0,80,231,253,2420,2472,2.92,3.2,30.63,31.29,0.506
2023020882,2024-02-20,NSH,VGK,away,5,3,40,26,W,5,3,80,41,39,0,82,236,256,2460,2498,2.95,3.2,30.75,31.22,0.512
2023020899,2024-02-22,NSH,LAK,away,4,1,21,28,W,4,1,81,42,39,0,84,240,257,2481,2526,2.96,3.17,30.63,31.19,0.519
2023020914,2024-02-24,NSH,SJS,away,4,2,35,25,W,4,2,82,43,39,0,86,244,259,2516,2551,2.98,3.16,30.68,31.11,0.524
2023020922,2024-02-25,NSH,ANA,away,4,2,29,31,W,4,2,83,44,39,0,88,248,261,2545,2582,2.99,3.14,30.66,31.11,0.53
2023020933,2024-02-27,NSH,OTT,home,4,1,36,25,W,4,1,84,45,39,0,90,252,262,2581,2607,3.0,3.12,30.73,31.04,0.536
2023020948,2024-02-29,NSH,MIN,home,6,1,31,34,W,6,1,85,46,39,0,92,258,263,2612,2641,3.04,3.09,30.73,31.07,0.541
2023020959,2024-03-02,NSH,COL,home,5,1,35,26,W,5,1,86,47,39,0,94,263,264,2647,2667,3.06,3.07,30.78,31.01,0.547
2023020985,2024-03-05,NSH,MTL,home,3,4,28,30,L,3,4,87,47,40,0,94,266,268,2675,2697,3.06,3.08,30.75,31.0,0.54
2023021000,2024-03-07,NSH,BUF,home,4,2,24,28,W,4,2,88,48,40,0,96,270,270,2699,2725,3.07,3.07,30.67,30.97,0.545
2023021010,2024-03-09,NSH,CBJ,away,2,1,49,34,W,2,1,89,49,40,0,98,272,271,2748,2759,3.06,3.04,30.88,31.0,0.551
2023021023,2024-03-10,NSH,MIN,away,3,4,30,33,L,3,4,90,49,41,0,98,275,275,2778,2792,3.06,3.06,30.87,31.02,0.544
2023021042,2024-03-13,NSH,WPG,away,4,2,38,29,W,4,2,91,50,41,0,100,279,277,2816,2821,3.07,3.04,30.95,31.0,0.549
2023021071,2024-03-16,NSH,SEA,away,4,1,30,24,W,4,1,92,51,41,0,102,283,278,2846,2845,3.08,3.02,30.93,30.92,0.554
2023021088,2024-03-19,NSH,SJS,home,8,2,40,20,W,8,2,93,52,41,0,104,291,280,2886,2865,3.13,3.01,31.03,30.81,0.559
2023021101,2024-03-21,NSH,FLA,away,3,0,37,33,W,3,0,94,53,41,0,106,294,280,2923,2898,3.13,2.98,31.1,30.83,0.564
2023021116,2024-03-23,NSH,DET,home,1,0,32,22,W,1,0,95,54,41,0,108,295,280,2955,2920,3.11,2.95,31.11,30.74,0.568
2023021141,2024-03-26,NSH,VGK,home,5,4,35,35,W,5,4,96,55,41,0,110,300,284,2990,2955,3.12,2.96,31.15,30.78,0.573
2023021161,2024-03-28,NSH,ARI,away,4,8,37,40,L,4,8,97,55,42,0,110,304,292,3027,2995,3.13,3.01,31.21,30.88,0.567
2023021169,2024-03-30,NSH,COL,away,4,7,35,42,L,4,7,98,55,43,0,110,308,299,3062,3037,3.14,3.05,31.24,30.99,0.561
2023021194,2024-04-02,NSH,BOS,home,0,3,31,32,L,0,3,99,55,44,0,110,308,302,3093,3069,3.11,3.05,31.24,31.0,0.556
2023021208,2024-04-04,NSH,STL,home,6,3,31,47,W,6,3,100,56,44,0,112,314,305,3124,3116,3.14,3.05,31.24,31.16,0.56
2023021225,2024-04-06,NSH,NYI,away,0,2,42,30,L,0,2,101,56,45,0,112,314,307,3166,3146,3.11,3.04,31.35,31.15,0.554
2023021233,2024-04-07,NSH,NJD,away,3,2,35,25,W,3,2,102,57,45,0,114,317,309,3201,3171,3.11,3.03,31.38,31.09,0.559
2023021247,2024-04-09,NSH,WPG,home,3,4,48,22,L,3,4,103,57,46,0,114,320,313,3249,3193,3.11,3.04,31.54,31.0,0.553
2023021266,2024-04-12,NSH,CHI,away,5,1,40,26,W,5,1,104,58,46,0,116,325,314,3289,3219,3.12,3.02,31.62,30.95,0.558
2023021278,2024-04-13,NSH,CBJ,home,6,4,37,37,W,6,4,105,59,46,0,118,331,318,3326,3256,3.15,3.03,31.68,31.01,0.562
2023021289,2024-04-15,NSH,PIT,away,2,4,30,38,L,2,4,106,59,47,0,118,333,322,3356,3294,3.14,3.04,31.66,31.08,0.557
2024020017,2024-10-10,NSH,DAL,home,3,4,36,20,L,3,4,107,59,48,0,118,336,326,3392,3314,3.14,3.05,31.7,30.97,0.551
2024020028,2024-10-12,NSH,DET,away,0,3,42,22,L,0,3,108,59,49,0,118,336,329,3434,3336,3.11,3.05,31.8,30.89,0.546
2024020053,2024-10-15,NSH,SEA,home,3,7,33,35,L,3,7,109,59,50,0,118,339,336,3467,3371,3.11,3.08,31.81,30.93,0.541
2024020069,2024-10-17,NSH,EDM,home,2,4,27,36,L,2,4,110,59,51,0,118,341,340,3494,3407,3.1,3.09,31.76,30.97,0.536
2024020076,2024-10-19,NSH,DET,home,2,5,39,24,L,2,5,111,59,52,0,118,343,345,3533,3431,3.09,3.11,31.83,30.91,0.532
2024020101,2024-10-22,NSH,BOS,home,4,0,42,33,W,4,0,112,60,52,0,120,347,345,3575,3464,3.1,3.08,31.92,30.93,0.536
2024020120,2024-10-25,NSH,CHI,away,3,2,34,29,W,3,2,113,61,52,0,122,350,347,3609,3493,3.1,3.07,31.94,30.91,0.54
2024020131,2024-10-26,NSH,CBJ,home,4,3,33,28,W,4,3,114,62,52,0,124,354,350,3642,3521,3.11,3.07,31.95,30.89,0.544
2024020141,2024-10-28,NSH,TBL,away,2,3,37,27,L,2,3,115,62,53,0,124,356,353,3679,3548,3.1,3.07,31.99,30.85,0.539
2024020166,2024-10-31,NSH,EDM,home,1,5,27,29,L,1,5,116,62,54,0,124,357,358,3706,3577,3.08,3.09,31.95,30.84,0.534
2024020166,2024-10-31,NSH,EDM,home,1,5,27,29,L,1,5,117,62,55,0,124,358,363,3733,3606,3.06,3.1,31.91,30.82,0.53
2024020182,2024-11-02,NSH,COL,home,5,2,26,31,W,5,2,118,63,55,0,126,363,365,3759,3637,3.08,3.09,31.86,30.82,0.534
2024020182,2024-11-02,NSH,COL,home,5,2,26,31,W,5,2,119,64,55,0,128,368,367,3785,3668,3.09,3.08,31.81,30.82,0.538
2024020192,2024-11-04,NSH,LAK,home,0,3,16,27,L,0,3,120,64,56,0,128,368,370,3801,3695,3.07,3.08,31.68,30.79,0.533
2024020192,2024-11-04,NSH,LAK,home,0,3,16,27,L,0,3,121,64,57,0,128,368,373,3817,3722,3.04,3.08,31.55,30.76,0.529
2024020205,2024-11-06,NSH,WSH,away,2,3,35,36,L,2,3,122,64,58,0,128,370,376,3852,3758,3.03,3.08,31.57,30.8,0.525
2024020211,2024-11-07,NSH,FLA,away,2,6,18,34,L,2,6,123,64,59,0,128,372,382,3870,3792,3.02,3.11,31.46,30.83,0.52
2024020232,2024-11-09,NSH,UTA,home,4,0,21,27,W,4,0,124,65,59,0,130,376,382,3891,3819,3.03,3.08,31.38,30.8,0.524
2024020243,2024-11-11,NSH,COL,away,2,3,30,32,L,2,3,125,65,60,0,130,378,385,3921,3851,3.02,3.08,31.37,30.81,0.52
