game_id,game_date,team,opponent,home_away,team_score,opponent_score,shots_for,shots_against,result,goals_for,goals_against,games_played,wins,losses,ties,points,cum_goals_for,cum_goals_against,cum_shots_for,cum_shots_against,avg_goals_for,avg_goals_against,avg_shots_for,avg_shots_against,points_pct
2022020006,2022-10-12,CBJ,CAR,away,1,4,32,43,L,1,4,1,0,1,0,0,1,4,32,43,1.0,4.0,32.0,43.0,0.0
2022020021,2022-10-14,CBJ,TBL,home,2,5,28,39,L,2,5,2,0,2,0,0,3,9,60,82,1.5,4.5,30.0,41.0,0.0
2022020033,2022-10-15,CBJ,STL,away,2,5,25,25,L,2,5,3,0,3,0,0,5,14,85,107,1.67,4.67,28.33,35.67,0.0
2022020050,2022-10-18,CBJ,VAN,home,4,3,33,35,W,4,3,4,1,3,0,2,9,17,118,142,2.25,4.25,29.5,35.5,0.25
2022020063,2022-10-20,CBJ,NSH,home,5,3,42,26,W,5,3,5,2,3,0,4,14,20,160,168,2.8,4.0,32.0,33.6,0.4
2022020081,2022-10-22,CBJ,PIT,home,3,6,32,39,L,3,6,6,2,4,0,4,17,26,192,207,2.83,4.33,32.0,34.5,0.333
2022020089,2022-10-23,CBJ,NYR,away,5,1,21,31,W,5,1,7,3,4,0,6,22,27,213,238,3.14,3.86,30.43,34.0,0.429
2022020098,2022-10-25,CBJ,ARI,home,3,6,33,19,L,3,6,8,3,5,0,6,25,33,246,257,3.12,4.12,30.75,32.12,0.375
2022020122,2022-10-28,CBJ,BOS,home,0,4,30,35,L,0,4,9,3,6,0,6,25,37,276,292,2.78,4.11,30.67,32.44,0.333
2022020139,2022-10-30,CBJ,NJD,away,1,7,21,53,L,1,7,10,3,7,0,6,26,44,297,345,2.6,4.4,29.7,34.5,0.3
2022020175,2022-11-04,CBJ,COL,away,3,6,39,36,L,3,6,11,3,8,0,6,29,50,336,381,2.64,4.55,30.55,34.64,0.273
2022020185,2022-11-05,CBJ,COL,home,1,5,32,45,L,1,5,12,3,9,0,6,30,55,368,426,2.5,4.58,30.67,35.5,0.25
2022020214,2022-11-10,CBJ,PHI,home,5,2,29,34,W,5,2,13,4,9,0,8,35,57,397,460,2.69,4.38,30.54,35.38,0.308
2022020231,2022-11-12,CBJ,NYI,away,3,4,29,46,L,3,4,14,4,10,0,8,38,61,426,506,2.71,4.36,30.43,36.14,0.286
2022020250,2022-11-15,CBJ,PHI,home,5,4,33,37,W,5,4,15,5,10,0,10,43,65,459,543,2.87,4.33,30.6,36.2,0.333
2022020263,2022-11-17,CBJ,MTL,home,6,4,29,42,W,6,4,16,6,10,0,12,49,69,488,585,3.06,4.31,30.5,36.56,0.375
2022020279,2022-11-19,CBJ,DET,home,1,6,28,37,L,1,6,17,6,11,0,12,50,75,516,622,2.94,4.41,30.35,36.59,0.353
2022020289,2022-11-20,CBJ,FLA,home,5,3,23,50,W,5,3,18,7,11,0,14,55,78,539,672,3.06,4.33,29.94,37.33,0.389
2022020306,2022-11-23,CBJ,MTL,home,1,3,31,29,L,1,3,19,7,12,0,14,56,81,570,701,2.95,4.26,30.0,36.89,0.368
2022020326,2022-11-25,CBJ,NYI,home,2,3,26,24,L,2,3,20,7,13,0,14,58,84,596,725,2.9,4.2,29.8,36.25,0.35
2022020349,2022-11-28,CBJ,VGK,home,2,3,28,36,L,2,3,21,7,14,0,14,60,87,624,761,2.86,4.14,29.71,36.24,0.333
2022020338,2023-01-17,CBJ,NSH,away,1,2,40,28,L,1,2,22,7,15,0,14,61,89,664,789,2.77,4.05,30.18,35.86,0.318
2023020011,2023-10-12,CBJ,PHI,home,2,4,33,37,L,2,4,23,7,16,0,14,63,93,697,826,2.74,4.04,30.3,35.91,0.304
2023020022,2023-10-14,CBJ,NYR,home,5,3,21,42,W,5,3,24,8,16,0,16,68,96,718,868,2.83,4.0,29.92,36.17,0.333
2023020035,2023-10-16,CBJ,DET,home,0,4,23,28,L,0,4,25,8,17,0,16,68,100,741,896,2.72,4.0,29.64,35.84,0.32
2023020063,2023-10-20,CBJ,CGY,home,3,1,29,37,W,3,1,26,9,17,0,18,71,101,770,933,2.73,3.88,29.62,35.88,0.346
2023020073,2023-10-21,CBJ,MIN,away,5,4,54,28,W,5,4,27,10,17,0,20,76,105,824,961,2.81,3.89,30.52,35.59,0.37
2023020084,2023-10-24,CBJ,ANA,home,2,3,37,27,L,2,3,28,10,18,0,20,78,108,861,988,2.79,3.86,30.75,35.29,0.357
2023020103,2023-10-26,CBJ,MTL,away,3,4,36,29,L,3,4,29,10,19,0,20,81,112,897,1017,2.79,3.86,30.93,35.07,0.345
2023020120,2023-10-28,CBJ,NYI,home,0,2,34,34,L,0,2,30,10,20,0,20,81,114,931,1051,2.7,3.8,31.03,35.03,0.333
2023020136,2023-10-30,CBJ,DAL,away,3,5,25,33,L,3,5,31,10,21,0,20,84,119,956,1084,2.71,3.84,30.84,34.97,0.323
2023020146,2023-11-02,CBJ,TBL,home,4,2,28,29,W,4,2,32,11,21,0,22,88,121,984,1113,2.75,3.78,30.75,34.78,0.344
2023020166,2023-11-04,CBJ,WSH,away,1,2,35,27,L,1,2,33,11,22,0,22,89,123,1019,1140,2.7,3.73,30.88,34.55,0.333
2023020176,2023-11-06,CBJ,FLA,away,4,5,23,46,L,4,5,34,11,23,0,22,93,128,1042,1186,2.74,3.76,30.65,34.88,0.324
2023020194,2023-11-09,CBJ,DAL,home,2,5,29,31,L,2,5,35,11,24,0,22,95,133,1071,1217,2.71,3.8,30.6,34.77,0.314
2023020210,2023-11-11,CBJ,DET,away,4,5,22,28,L,4,5,36,11,25,0,22,99,138,1093,1245,2.75,3.83,30.36,34.58,0.306
2023020225,2023-11-12,CBJ,NYR,away,3,4,28,40,L,3,4,37,11,26,0,22,102,142,1121,1285,2.76,3.84,30.3,34.73,0.297
2023020230,2023-11-14,CBJ,PIT,home,3,5,30,41,L,3,5,38,11,27,0,22,105,147,1151,1326,2.76,3.87,30.29,34.89,0.289
2023020243,2023-11-16,CBJ,ARI,home,2,3,41,32,L,2,3,39,11,28,0,22,107,150,1192,1358,2.74,3.85,30.56,34.82,0.282
2023020263,2023-11-18,CBJ,WSH,away,3,4,36,26,L,3,4,40,11,29,0,22,110,154,1228,1384,2.75,3.85,30.7,34.6,0.275
2023020268,2023-11-19,CBJ,PHI,away,2,5,22,27,L,2,5,41,11,30,0,22,112,159,1250,1411,2.73,3.88,30.49,34.41,0.268
2023020280,2023-11-22,CBJ,CHI,home,7,3,26,36,W,7,3,42,12,30,0,24,119,162,1276,1447,2.83,3.86,30.38,34.45,0.286
2023020296,2023-11-24,CBJ,NJD,away,2,1,28,38,W,2,1,43,13,30,0,26,121,163,1304,1485,2.81,3.79,30.33,34.53,0.302
2023020318,2023-11-26,CBJ,CAR,away,2,3,23,43,L,2,3,44,13,31,0,26,123,166,1327,1528,2.8,3.77,30.16,34.73,0.295
2023020321,2023-11-27,CBJ,BOS,home,5,2,40,33,W,5,2,45,14,31,0,28,128,168,1367,1561,2.84,3.73,30.38,34.69,0.311
2023020337,2023-11-29,CBJ,MTL,home,2,4,28,31,L,2,4,46,14,32,0,28,130,172,1395,1592,2.83,3.74,30.33,34.61,0.304
2023020354,2023-12-01,CBJ,OTT,home,4,2,23,43,W,4,2,47,15,32,0,30,134,174,1418,1635,2.85,3.7,30.17,34.79,0.319
2023020371,2023-12-03,CBJ,BOS,away,1,3,25,28,L,1,3,48,15,33,0,30,135,177,1443,1663,2.81,3.69,30.06,34.65,0.312
2023020381,2023-12-05,CBJ,LAK,home,3,4,29,39,L,3,4,49,15,34,0,30,138,181,1472,1702,2.82,3.69,30.04,34.73,0.306
2023020397,2023-12-07,CBJ,NYI,away,3,7,35,36,L,3,7,50,15,35,0,30,141,188,1507,1738,2.82,3.76,30.14,34.76,0.3
2023020405,2023-12-08,CBJ,STL,home,5,2,22,43,W,5,2,51,16,35,0,32,146,190,1529,1781,2.86,3.73,29.98,34.92,0.314
2023020420,2023-12-10,CBJ,FLA,home,2,5,19,35,L,2,5,52,16,36,0,32,148,195,1548,1816,2.85,3.75,29.77,34.92,0.308
2023020449,2023-12-14,CBJ,TOR,away,6,5,35,48,W,6,5,53,17,36,0,34,154,200,1583,1864,2.91,3.77,29.87,35.17,0.321
2023020463,2023-12-16,CBJ,NJD,home,3,6,26,30,L,3,6,54,17,37,0,34,157,206,1609,1894,2.91,3.81,29.8,35.07,0.315
2023020485,2023-12-19,CBJ,BUF,away,9,4,34,29,W,9,4,55,18,37,0,36,166,210,1643,1923,3.02,3.82,29.87,34.96,0.327
2023020499,2023-12-21,CBJ,WSH,home,2,3,36,32,L,2,3,56,18,38,0,36,168,213,1679,1955,3.0,3.8,29.98,34.91,0.321
2023020517,2023-12-23,CBJ,TOR,home,1,4,28,30,L,1,4,57,18,39,0,36,169,217,1707,1985,2.96,3.81,29.95,34.82,0.316
2023020528,2023-12-27,CBJ,NJD,away,3,4,29,35,L,3,4,58,18,40,0,36,172,221,1736,2020,2.97,3.81,29.93,34.83,0.31
2023020546,2023-12-29,CBJ,TOR,home,6,5,21,33,W,6,5,59,19,40,0,38,178,226,1757,2053,3.02,3.83,29.78,34.8,0.322
2023020556,2023-12-30,CBJ,BUF,away,2,3,20,42,L,2,3,60,19,41,0,38,180,229,1777,2095,3.0,3.82,29.62,34.92,0.317
2023020574,2024-01-02,CBJ,BOS,home,1,4,27,27,L,1,4,61,19,42,0,38,181,233,1804,2122,2.97,3.82,29.57,34.79,0.311
2023020592,2024-01-04,CBJ,PHI,away,3,2,28,41,W,3,2,62,20,42,0,40,184,235,1832,2163,2.97,3.79,29.55,34.89,0.323
2023020609,2024-01-06,CBJ,MIN,home,3,4,29,36,L,3,4,63,20,43,0,40,187,239,1861,2199,2.97,3.79,29.54,34.9,0.317
2023020631,2024-01-09,CBJ,WPG,away,0,5,29,23,L,0,5,64,20,44,0,40,187,244,1890,2222,2.92,3.81,29.53,34.72,0.312
2023020658,2024-01-13,CBJ,SEA,home,4,7,34,36,L,4,7,65,20,45,0,40,191,251,1924,2258,2.94,3.86,29.6,34.74,0.308
2023020673,2024-01-15,CBJ,VAN,home,4,3,43,30,W,4,3,66,21,45,0,42,195,254,1967,2288,2.95,3.85,29.8,34.67,0.318
2023020703,2024-01-19,CBJ,NJD,home,1,4,30,33,L,1,4,67,21,46,0,42,196,258,1997,2321,2.93,3.85,29.81,34.64,0.313
2023020736,2024-01-23,CBJ,EDM,away,1,4,27,24,L,1,4,68,21,47,0,42,197,262,2024,2345,2.9,3.85,29.76,34.49,0.309
2023020753,2024-01-25,CBJ,CGY,away,5,2,32,30,W,5,2,69,22,47,0,44,202,264,2056,2375,2.93,3.83,29.8,34.42,0.319
2023020772,2024-01-27,CBJ,VAN,away,4,5,29,34,L,4,5,70,22,48,0,44,206,269,2085,2409,2.94,3.84,29.79,34.41,0.314
2023020774,2024-01-28,CBJ,SEA,away,2,4,32,26,L,2,4,71,22,49,0,44,208,273,2117,2435,2.93,3.85,29.82,34.3,0.31
2023020776,2024-01-30,CBJ,STL,away,1,0,22,21,W,1,0,72,23,49,0,46,209,273,2139,2456,2.9,3.79,29.71,34.11,0.319
2023020811,2024-02-10,CBJ,TBL,home,2,4,35,37,L,2,4,73,23,50,0,46,211,277,2174,2493,2.89,3.79,29.78,34.15,0.315
2023020826,2024-02-13,CBJ,OTT,away,3,6,40,30,L,3,6,74,23,51,0,46,214,283,2214,2523,2.89,3.82,29.92,34.09,0.311
2023020861,2024-02-17,CBJ,SJS,away,4,3,41,31,W,4,3,75,24,51,0,48,218,286,2255,2554,2.91,3.81,30.07,34.05,0.32
2023020883,2024-02-20,CBJ,LAK,away,1,5,33,35,L,1,5,76,24,52,0,48,219,291,2288,2589,2.88,3.83,30.11,34.07,0.316
2023020886,2024-02-21,CBJ,ANA,away,7,4,27,31,W,7,4,77,25,52,0,50,226,295,2315,2620,2.94,3.83,30.06,34.03,0.325
2023020900,2024-02-23,CBJ,BUF,home,1,2,26,37,L,1,2,78,25,53,0,50,227,297,2341,2657,2.91,3.81,30.01,34.06,0.321
2023020919,2024-02-25,CBJ,NYR,home,4,2,41,40,W,4,2,79,26,53,0,52,231,299,2382,2697,2.92,3.78,30.15,34.14,0.329
2023020939,2024-02-28,CBJ,NYR,away,1,4,31,30,L,1,4,80,26,54,0,52,232,303,2413,2727,2.9,3.79,30.16,34.09,0.325
2023020942,2024-02-29,CBJ,CAR,home,2,4,22,33,L,2,4,81,26,55,0,52,234,307,2435,2760,2.89,3.79,30.06,34.07,0.321
2023020965,2024-03-02,CBJ,CHI,away,5,2,31,28,W,5,2,82,27,55,0,54,239,309,2466,2788,2.91,3.77,30.07,34.0,0.329
2023020975,2024-03-04,CBJ,VGK,home,6,3,33,39,W,6,3,83,28,55,0,56,245,312,2499,2827,2.95,3.76,30.11,34.06,0.337
2023020983,2024-03-05,CBJ,PIT,away,3,5,35,31,L,3,5,84,28,56,0,56,248,317,2534,2858,2.95,3.77,30.17,34.02,0.333
2023020995,2024-03-07,CBJ,EDM,home,4,2,34,31,W,4,2,85,29,56,0,58,252,319,2568,2889,2.96,3.75,30.21,33.99,0.341
2023021010,2024-03-09,CBJ,NSH,home,1,2,34,49,L,1,2,86,29,57,0,58,253,321,2602,2938,2.94,3.73,30.26,34.16,0.337
2023021033,2024-03-12,CBJ,MTL,away,0,3,41,23,L,0,3,87,29,58,0,58,253,324,2643,2961,2.91,3.72,30.38,34.03,0.333
2023021047,2024-03-14,CBJ,OTT,home,2,3,37,37,L,2,3,88,29,59,0,58,255,327,2680,2998,2.9,3.72,30.45,34.07,0.33
2023021065,2024-03-16,CBJ,SJS,home,4,2,20,41,W,4,2,89,30,59,0,60,259,329,2700,3039,2.91,3.7,30.34,34.15,0.337
2023021075,2024-03-17,CBJ,WPG,home,1,6,31,27,L,1,6,90,30,60,0,60,260,335,2731,3066,2.89,3.72,30.34,34.07,0.333
2023021083,2024-03-19,CBJ,DET,away,3,4,35,26,L,3,4,91,30,61,0,60,263,339,2766,3092,2.89,3.73,30.4,33.98,0.33
2023021111,2024-03-22,CBJ,COL,away,1,6,24,50,L,1,6,92,30,62,0,60,264,345,2790,3142,2.87,3.75,30.33,34.15,0.326
2023021123,2024-03-23,CBJ,VGK,away,2,4,22,47,L,2,4,93,30,63,0,60,266,349,2812,3189,2.86,3.75,30.24,34.29,0.323
2023021145,2024-03-26,CBJ,ARI,away,2,6,27,35,L,2,6,94,30,64,0,60,268,355,2839,3224,2.85,3.78,30.2,34.3,0.319
2023021154,2024-03-28,CBJ,PIT,away,2,3,19,36,L,2,3,95,30,65,0,60,270,358,2858,3260,2.84,3.77,30.08,34.32,0.316
2023021171,2024-03-30,CBJ,PIT,home,4,3,37,33,W,4,3,96,31,65,0,62,274,361,2895,3293,2.85,3.76,30.16,34.3,0.323
2023021181,2024-04-01,CBJ,COL,home,4,1,25,46,W,4,1,97,32,65,0,64,278,362,2920,3339,2.87,3.73,30.1,34.42,0.33
2023021203,2024-04-04,CBJ,NYI,home,2,4,27,41,L,2,4,98,32,66,0,64,280,366,2947,3380,2.86,3.73,30.07,34.49,0.327
2023021222,2024-04-06,CBJ,PHI,home,6,2,33,39,W,6,2,99,33,66,0,66,286,368,2980,3419,2.89,3.72,30.1,34.54,0.333
2023021230,2024-04-07,CBJ,CAR,away,0,3,23,35,L,0,3,100,33,67,0,66,286,371,3003,3454,2.86,3.71,30.03,34.54,0.33
2023021245,2024-04-09,CBJ,TBL,away,2,5,32,33,L,2,5,101,33,68,0,66,288,376,3035,3487,2.85,3.72,30.05,34.52,0.327
2023021256,2024-04-11,CBJ,FLA,away,0,4,25,46,L,0,4,102,33,69,0,66,288,380,3060,3533,2.82,3.73,30.0,34.64,0.324
2023021278,2024-04-13,CBJ,NSH,away,4,6,37,37,L,4,6,103,33,70,0,66,292,386,3097,3570,2.83,3.75,30.07,34.66,0.32
2023021296,2024-04-16,CBJ,CAR,home,6,3,25,41,W,6,3,104,34,70,0,68,298,389,3122,3611,2.87,3.74,30.02,34.72,0.327
2024020018,2024-10-10,CBJ,MIN,away,2,3,33,26,L,2,3,105,34,71,0,68,300,392,3155,3637,2.86,3.73,30.05,34.64,0.324
2024020034,2024-10-12,CBJ,COL,away,6,4,23,30,W,6,4,106,35,71,0,70,306,396,3178,3667,2.89,3.74,29.98,34.59,0.33
2024020051,2024-10-15,CBJ,FLA,home,3,4,38,22,L,3,4,107,35,72,0,70,309,400,3216,3689,2.89,3.74,30.06,34.48,0.327
2024020067,2024-10-17,CBJ,BUF,home,6,4,25,24,W,6,4,108,36,72,0,72,315,404,3241,3713,2.92,3.74,30.01,34.38,0.333
2024020083,2024-10-19,CBJ,MIN,home,1,3,24,34,L,1,3,109,36,73,0,72,316,407,3265,3747,2.9,3.73,29.95,34.38,0.33
2024020097,2024-10-22,CBJ,TOR,home,6,2,38,28,W,6,2,110,37,73,0,74,322,409,3303,3775,2.93,3.72,30.03,34.32,0.336
2024020131,2024-10-26,CBJ,NSH,away,3,4,28,33,L,3,4,111,37,74,0,74,325,413,3331,3808,2.93,3.72,30.01,34.31,0.333
2024020142,2024-10-28,CBJ,EDM,home,6,1,25,32,W,6,1,112,38,74,0,76,331,414,3356,3840,2.96,3.7,29.96,34.29,0.339
2024020155,2024-10-30,CBJ,NYI,home,2,0,26,26,W,2,0,113,39,74,0,78,333,414,3382,3866,2.95,3.66,29.93,34.21,0.345
2024020171,2024-11-01,CBJ,WPG,home,2,6,22,44,L,2,6,114,39,75,0,78,335,420,3404,3910,2.94,3.68,29.86,34.3,0.342
2024020171,2024-11-01,CBJ,WPG,home,2,6,22,44,L,2,6,115,39,76,0,78,337,426,3426,3954,2.93,3.7,29.79,34.38,0.339
2024020177,2024-11-02,CBJ,WSH,away,2,7,36,22,L,2,7,116,39,77,0,78,339,433,3462,3976,2.92,3.73,29.84,34.28,0.336
2024020177,2024-11-02,CBJ,WSH,away,2,7,36,22,L,2,7,117,39,78,0,78,341,440,3498,3998,2.91,3.76,29.9,34.17,0.333
2024020204,2024-11-05,CBJ,SJS,away,1,2,50,27,L,1,2,118,39,79,0,78,342,442,3548,4025,2.9,3.75,30.07,34.11,0.331
2024020204,2024-11-05,CBJ,SJS,away,1,2,50,27,L,1,2,119,39,80,0,78,343,444,3598,4052,2.88,3.73,30.24,34.05,0.328
2024020234,2024-11-09,CBJ,LAK,away,2,5,26,23,L,2,5,120,39,81,0,78,345,449,3624,4075,2.88,3.74,30.2,33.96,0.325
2024020238,2024-11-10,CBJ,ANA,away,2,4,40,30,L,2,4,121,39,82,0,78,347,453,3664,4105,2.87,3.74,30.28,33.93,0.322
2024020251,2024-11-12,CBJ,SEA,away,2,5,40,33,L,2,5,122,39,83,0,78,349,458,3704,4138,2.86,3.75,30.36,33.92,0.32
