game_id,game_date,team,opponent,home_away,team_score,opponent_score,shots_for,shots_against,result,goals_for,goals_against,games_played,wins,losses,ties,points,cum_goals_for,cum_goals_against,cum_shots_for,cum_shots_against,avg_goals_for,avg_goals_against,avg_shots_for,avg_shots_against,points_pct
2022020013,2022-10-13,BUF,OTT,home,4,1,36,36,W,4,1,1,1,0,0,2,4,1,36,36,4.0,1.0,36.0,36.0,1.0
2022020025,2022-10-15,BUF,FLA,home,3,4,27,37,L,3,4,2,1,1,0,2,7,5,63,73,3.5,2.5,31.5,36.5,0.5
2022020054,2022-10-18,BUF,EDM,away,4,2,24,48,W,4,2,3,2,1,0,4,11,7,87,121,3.67,2.33,29.0,40.33,0.667
2022020068,2022-10-20,BUF,CGY,away,6,3,32,43,W,6,3,4,3,1,0,6,17,10,119,164,4.25,2.5,29.75,41.0,0.75
2022020084,2022-10-22,BUF,VAN,away,5,1,27,30,W,5,1,5,4,1,0,8,22,11,146,194,4.4,2.2,29.2,38.8,0.8
2022020105,2022-10-25,BUF,SEA,away,1,5,16,24,L,1,5,6,4,2,0,8,23,16,162,218,3.83,2.67,27.0,36.33,0.667
2022020114,2022-10-27,BUF,MTL,home,2,3,45,34,L,2,3,7,4,3,0,8,25,19,207,252,3.57,2.71,29.57,36.0,0.571
2022020131,2022-10-29,BUF,CHI,home,4,3,45,26,W,4,3,8,5,3,0,10,29,22,252,278,3.62,2.75,31.5,34.75,0.625
2022020144,2022-10-31,BUF,DET,home,8,3,46,18,W,8,3,9,6,3,0,12,37,25,298,296,4.11,2.78,33.11,32.89,0.667
2022020160,2022-11-02,BUF,PIT,home,6,3,33,21,W,6,3,10,7,3,0,14,43,28,331,317,4.3,2.8,33.1,31.7,0.7
2022020174,2022-11-04,BUF,CAR,away,3,5,25,33,L,3,5,11,7,4,0,14,46,33,356,350,4.18,3.0,32.36,31.82,0.636
2022020180,2022-11-05,BUF,TBL,away,3,5,24,30,L,3,5,12,7,5,0,14,49,38,380,380,4.08,3.17,31.67,31.67,0.583
2022020196,2022-11-08,BUF,ARI,home,1,4,33,24,L,1,4,13,7,6,0,14,50,42,413,404,3.85,3.23,31.77,31.08,0.538
2022020215,2022-11-10,BUF,VGK,home,4,7,35,36,L,4,7,14,7,7,0,14,54,49,448,440,3.86,3.5,32.0,31.43,0.5
2022020228,2022-11-12,BUF,BOS,home,1,3,31,30,L,1,3,15,7,8,0,14,55,52,479,470,3.67,3.47,31.93,31.33,0.467
2022020252,2022-11-15,BUF,VAN,home,4,5,32,32,L,4,5,16,7,9,0,14,59,57,511,502,3.69,3.56,31.94,31.38,0.438
2022020257,2022-11-16,BUF,OTT,away,1,4,30,40,L,1,4,17,7,10,0,14,60,61,541,542,3.53,3.59,31.82,31.88,0.412
2022020276,2022-11-19,BUF,TOR,away,2,5,34,23,L,2,5,18,7,11,0,14,62,66,575,565,3.44,3.67,31.94,31.39,0.389
2022020301,2022-11-22,BUF,MTL,away,7,2,38,31,W,7,2,19,8,11,0,16,69,68,613,596,3.63,3.58,32.26,31.37,0.421
2022020307,2022-11-23,BUF,STL,home,6,2,32,36,W,6,2,20,9,11,0,18,75,70,645,632,3.75,3.5,32.25,31.6,0.45
2022020327,2022-11-25,BUF,NJD,home,1,3,34,44,L,1,3,21,9,12,0,18,76,73,679,676,3.62,3.48,32.33,32.19,0.429
2022020347,2022-11-28,BUF,TBL,home,5,6,37,25,L,5,6,22,9,13,0,18,81,79,716,701,3.68,3.59,32.55,31.86,0.409
2022020361,2022-11-30,BUF,DET,away,5,4,34,45,W,5,4,23,10,13,0,20,86,83,750,746,3.74,3.61,32.61,32.43,0.435
2022020365,2022-12-01,BUF,COL,home,4,6,28,34,L,4,6,24,10,14,0,20,90,89,778,780,3.75,3.71,32.42,32.5,0.417
2023020010,2023-10-12,BUF,NYR,home,1,5,25,31,L,1,5,25,10,15,0,20,91,94,803,811,3.64,3.76,32.12,32.44,0.4
2023020027,2023-10-14,BUF,NYI,away,2,3,28,29,L,2,3,26,10,16,0,20,93,97,831,840,3.58,3.73,31.96,32.31,0.385
2023020040,2023-10-17,BUF,TBL,home,3,2,31,25,W,3,2,27,11,16,0,22,96,99,862,865,3.56,3.67,31.93,32.04,0.407
2023020051,2023-10-19,BUF,CGY,home,3,4,27,36,L,3,4,28,11,17,0,22,99,103,889,901,3.54,3.68,31.75,32.18,0.393
2023020067,2023-10-21,BUF,NYI,home,3,1,42,25,W,3,1,29,12,17,0,24,102,104,931,926,3.52,3.59,32.1,31.93,0.414
2023020082,2023-10-23,BUF,MTL,home,1,3,37,27,L,1,3,30,12,18,0,24,103,107,968,953,3.43,3.57,32.27,31.77,0.4
2023020085,2023-10-24,BUF,OTT,away,6,4,24,38,W,6,4,31,13,18,0,26,109,111,992,991,3.52,3.58,32.0,31.97,0.419
2023020113,2023-10-27,BUF,NJD,away,4,5,27,39,L,4,5,32,13,19,0,26,113,116,1019,1030,3.53,3.62,31.84,32.19,0.406
2023020126,2023-10-29,BUF,COL,home,4,0,29,23,W,4,0,33,14,19,0,28,117,116,1048,1053,3.55,3.52,31.76,31.91,0.424
2023020141,2023-11-01,BUF,PHI,away,5,2,15,40,W,5,2,34,15,19,0,30,122,118,1063,1093,3.59,3.47,31.26,32.15,0.441
2023020157,2023-11-03,BUF,PHI,home,1,5,22,19,L,1,5,35,15,20,0,30,123,123,1085,1112,3.51,3.51,31.0,31.77,0.429
2023020165,2023-11-04,BUF,TOR,away,6,4,41,28,W,6,4,36,16,20,0,32,129,127,1126,1140,3.58,3.53,31.28,31.67,0.444
2023020180,2023-11-07,BUF,CAR,away,2,3,21,27,L,2,3,37,16,21,0,32,131,130,1147,1167,3.54,3.51,31.0,31.54,0.432
2023020204,2023-11-10,BUF,MIN,home,3,2,25,35,W,3,2,38,17,21,0,34,134,132,1172,1202,3.53,3.47,30.84,31.63,0.447
2023020217,2023-11-11,BUF,PIT,away,0,4,35,39,L,0,4,39,17,22,0,34,134,136,1207,1241,3.44,3.49,30.95,31.82,0.436
2023020229,2023-11-14,BUF,BOS,home,2,5,34,32,L,2,5,40,17,23,0,34,136,141,1241,1273,3.4,3.52,31.02,31.82,0.425
2023020252,2023-11-17,BUF,WPG,away,2,3,28,18,L,2,3,41,17,24,0,34,138,144,1269,1291,3.37,3.51,30.95,31.49,0.415
2023020270,2023-11-19,BUF,CHI,away,3,2,20,26,W,3,2,42,18,24,0,36,141,146,1289,1317,3.36,3.48,30.69,31.36,0.429
2023020285,2023-11-22,BUF,WSH,away,3,4,27,30,L,3,4,43,18,25,0,36,144,150,1316,1347,3.35,3.49,30.6,31.33,0.419
2023020301,2023-11-24,BUF,PIT,home,3,2,34,33,W,3,2,44,19,25,0,38,147,152,1350,1380,3.34,3.45,30.68,31.36,0.432
2023020310,2023-11-25,BUF,NJD,away,2,7,12,37,L,2,7,45,19,26,0,38,149,159,1362,1417,3.31,3.53,30.27,31.49,0.422
2023020322,2023-11-27,BUF,NYR,away,5,1,39,26,W,5,1,46,20,26,0,40,154,160,1401,1443,3.35,3.48,30.46,31.37,0.435
2023020348,2023-11-30,BUF,STL,away,4,6,46,20,L,4,6,47,20,27,0,40,158,166,1447,1463,3.36,3.53,30.79,31.13,0.426
2023020360,2023-12-02,BUF,CAR,away,2,6,22,37,L,2,6,48,20,28,0,40,160,172,1469,1500,3.33,3.58,30.6,31.25,0.417
2023020372,2023-12-03,BUF,NSH,home,1,2,35,29,L,1,2,49,20,29,0,40,161,174,1504,1529,3.29,3.55,30.69,31.2,0.408
2023020380,2023-12-05,BUF,DET,home,3,5,32,27,L,3,5,50,20,30,0,40,164,179,1536,1556,3.28,3.58,30.72,31.12,0.4
2023020392,2023-12-07,BUF,BOS,away,3,1,35,32,W,3,1,51,21,30,0,42,167,180,1571,1588,3.27,3.53,30.8,31.14,0.412
2023020411,2023-12-09,BUF,MTL,home,2,3,48,31,L,2,3,52,21,31,0,42,169,183,1619,1619,3.25,3.52,31.13,31.13,0.404
2023020428,2023-12-11,BUF,ARI,home,5,2,38,23,W,5,2,53,22,31,0,44,174,185,1657,1642,3.28,3.49,31.26,30.98,0.415
2023020445,2023-12-13,BUF,COL,away,1,5,30,29,L,1,5,54,22,32,0,44,175,190,1687,1671,3.24,3.52,31.24,30.94,0.407
2023020460,2023-12-15,BUF,VGK,away,5,2,27,35,W,5,2,55,23,32,0,46,180,192,1714,1706,3.27,3.49,31.16,31.02,0.418
2023020470,2023-12-16,BUF,ARI,away,0,2,28,22,L,0,2,56,23,33,0,46,180,194,1742,1728,3.21,3.46,31.11,30.86,0.411
2023020485,2023-12-19,BUF,CBJ,home,4,9,29,34,L,4,9,57,23,34,0,46,184,203,1771,1762,3.23,3.56,31.07,30.91,0.404
2023020498,2023-12-21,BUF,TOR,home,9,3,34,27,W,9,3,58,24,34,0,48,193,206,1805,1789,3.33,3.55,31.12,30.84,0.414
2023020522,2023-12-23,BUF,NYR,away,3,4,30,33,L,3,4,59,24,35,0,48,196,210,1835,1822,3.32,3.56,31.1,30.88,0.407
2023020532,2023-12-27,BUF,BOS,home,1,4,26,25,L,1,4,60,24,36,0,48,197,214,1861,1847,3.28,3.57,31.02,30.78,0.4
2023020556,2023-12-30,BUF,CBJ,home,3,2,42,20,W,3,2,61,25,36,0,50,200,216,1903,1867,3.28,3.54,31.2,30.61,0.41
2023020566,2023-12-31,BUF,OTT,away,1,5,46,31,L,1,5,62,25,37,0,50,201,221,1949,1898,3.24,3.56,31.44,30.61,0.403
2023020590,2024-01-04,BUF,MTL,away,6,1,38,33,W,6,1,63,26,37,0,52,207,222,1987,1931,3.29,3.52,31.54,30.65,0.413
2023020612,2024-01-06,BUF,PIT,away,3,1,32,41,W,3,1,64,27,37,0,54,210,223,2019,1972,3.28,3.48,31.55,30.81,0.422
2023020625,2024-01-09,BUF,SEA,home,2,5,38,26,L,2,5,65,27,38,0,54,212,228,2057,1998,3.26,3.51,31.65,30.74,0.415
2023020638,2024-01-11,BUF,OTT,home,5,3,32,28,W,5,3,66,28,38,0,56,217,231,2089,2026,3.29,3.5,31.65,30.7,0.424
2023020654,2024-01-13,BUF,VAN,home,0,1,26,23,L,0,1,67,28,39,0,56,217,232,2115,2049,3.24,3.46,31.57,30.58,0.418
2023020672,2024-01-15,BUF,SJS,home,3,0,35,28,W,3,0,68,29,39,0,58,220,232,2150,2077,3.24,3.41,31.62,30.54,0.426
2023020691,2024-01-18,BUF,CHI,home,3,0,31,19,W,3,0,69,30,39,0,60,223,232,2181,2096,3.23,3.36,31.61,30.38,0.435
2023020706,2024-01-20,BUF,TBL,home,1,3,27,16,L,1,3,70,30,40,0,60,224,235,2208,2112,3.2,3.36,31.54,30.17,0.429
2023020737,2024-01-23,BUF,ANA,away,2,4,30,36,L,2,4,71,30,41,0,60,226,239,2238,2148,3.18,3.37,31.52,30.25,0.423
2023020745,2024-01-24,BUF,LAK,away,5,3,37,40,W,5,3,72,31,41,0,62,231,242,2275,2188,3.21,3.36,31.6,30.39,0.431
2023020762,2024-01-27,BUF,SJS,away,5,2,36,26,W,5,2,73,32,41,0,64,236,244,2311,2214,3.23,3.34,31.66,30.33,0.438
2023020784,2024-02-06,BUF,DAL,home,1,2,48,30,L,1,2,74,32,42,0,64,237,246,2359,2244,3.2,3.32,31.88,30.32,0.432
2023020804,2024-02-10,BUF,STL,home,1,3,34,26,L,1,3,75,32,43,0,64,238,249,2393,2270,3.17,3.32,31.91,30.27,0.427
2023020824,2024-02-13,BUF,LAK,home,7,0,24,33,W,7,0,76,33,43,0,66,245,249,2417,2303,3.22,3.28,31.8,30.3,0.434
2023020838,2024-02-15,BUF,FLA,home,0,4,45,30,L,0,4,77,33,44,0,66,245,253,2462,2333,3.18,3.29,31.97,30.3,0.429
2023020854,2024-02-17,BUF,MIN,away,3,2,28,32,W,3,2,78,34,44,0,68,248,255,2490,2365,3.18,3.27,31.92,30.32,0.436
2023020866,2024-02-19,BUF,ANA,home,3,4,37,14,L,3,4,79,34,45,0,68,251,259,2527,2379,3.18,3.28,31.99,30.11,0.43
2023020884,2024-02-21,BUF,MTL,away,3,2,23,31,W,3,2,80,35,45,0,70,254,261,2550,2410,3.18,3.26,31.88,30.12,0.438
2023020900,2024-02-23,BUF,CBJ,away,2,1,37,26,W,2,1,81,36,45,0,72,256,262,2587,2436,3.16,3.23,31.94,30.07,0.444
2023020918,2024-02-25,BUF,CAR,home,3,2,32,32,W,3,2,82,37,45,0,74,259,264,2619,2468,3.16,3.22,31.94,30.1,0.451
2023020928,2024-02-27,BUF,FLA,away,2,3,30,37,L,2,3,83,37,46,0,74,261,267,2649,2505,3.14,3.22,31.92,30.18,0.446
2023020945,2024-02-29,BUF,TBL,away,3,2,23,23,W,3,2,84,38,46,0,76,264,269,2672,2528,3.14,3.2,31.81,30.1,0.452
2023020960,2024-03-02,BUF,VGK,home,7,2,35,24,W,7,2,85,39,46,0,78,271,271,2707,2552,3.19,3.19,31.85,30.02,0.459
2023020971,2024-03-03,BUF,WPG,home,2,5,19,35,L,2,5,86,39,47,0,78,273,276,2726,2587,3.17,3.21,31.7,30.08,0.453
2023020990,2024-03-06,BUF,TOR,away,1,2,25,27,L,1,2,87,39,48,0,78,274,278,2751,2614,3.15,3.2,31.62,30.05,0.448
2023021000,2024-03-07,BUF,NSH,away,2,4,28,24,L,2,4,88,39,49,0,78,276,282,2779,2638,3.14,3.2,31.58,29.98,0.443
2023021009,2024-03-09,BUF,EDM,home,3,2,27,32,W,3,2,89,40,49,0,80,279,284,2806,2670,3.13,3.19,31.53,30.0,0.449
2023021031,2024-03-12,BUF,DET,home,7,3,39,24,W,7,3,90,41,49,0,82,286,287,2845,2694,3.18,3.19,31.61,29.93,0.456
2023021045,2024-03-14,BUF,NYI,home,4,0,37,21,W,4,0,91,42,49,0,84,290,287,2882,2715,3.19,3.15,31.67,29.84,0.462
2023021059,2024-03-16,BUF,DET,away,1,4,26,26,L,1,4,92,42,50,0,84,291,291,2908,2741,3.16,3.16,31.61,29.79,0.457
2023021081,2024-03-18,BUF,SEA,away,6,2,30,34,W,6,2,93,43,50,0,86,297,293,2938,2775,3.19,3.15,31.59,29.84,0.462
2023021093,2024-03-19,BUF,VAN,away,2,3,17,34,L,2,3,94,43,51,0,86,299,296,2955,2809,3.18,3.15,31.44,29.88,0.457
2023021104,2024-03-21,BUF,EDM,away,3,8,29,39,L,3,8,95,43,52,0,86,302,304,2984,2848,3.18,3.2,31.41,29.98,0.453
2023021132,2024-03-24,BUF,CGY,away,4,1,29,33,W,4,1,96,44,52,0,88,306,305,3013,2881,3.19,3.18,31.39,30.01,0.458
2023021148,2024-03-27,BUF,OTT,home,2,6,36,42,L,2,6,97,44,53,0,88,308,311,3049,2923,3.18,3.21,31.43,30.13,0.454
2023021164,2024-03-29,BUF,NJD,home,5,2,36,30,W,5,2,98,45,53,0,90,313,313,3085,2953,3.19,3.19,31.48,30.13,0.459
2023021170,2024-03-30,BUF,TOR,home,0,3,34,22,L,0,3,99,45,54,0,90,313,316,3119,2975,3.16,3.19,31.51,30.05,0.455
2023021189,2024-04-02,BUF,WSH,home,6,2,35,26,W,6,2,100,46,54,0,92,319,318,3154,3001,3.19,3.18,31.54,30.01,0.46
2023021211,2024-04-05,BUF,PHI,home,4,2,19,34,W,4,2,101,47,54,0,94,323,320,3173,3035,3.2,3.17,31.42,30.05,0.465
2023021228,2024-04-07,BUF,DET,away,1,3,38,24,L,1,3,102,47,55,0,94,324,323,3211,3059,3.18,3.17,31.48,29.99,0.461
2023021246,2024-04-09,BUF,DAL,away,2,3,21,24,L,2,3,103,47,56,0,94,326,326,3232,3083,3.17,3.17,31.38,29.93,0.456
2023021255,2024-04-11,BUF,WSH,home,4,2,17,24,W,4,2,104,48,56,0,96,330,328,3249,3107,3.17,3.15,31.24,29.88,0.462
2023021273,2024-04-13,BUF,FLA,away,2,3,29,42,L,2,3,105,48,57,0,96,332,331,3278,3149,3.16,3.15,31.22,29.99,0.457
2023021290,2024-04-15,BUF,TBL,away,4,2,34,33,W,4,2,106,49,57,0,98,336,333,3312,3182,3.17,3.14,31.25,30.02,0.462
2024020001,2024-10-04,BUF,NJD,home,1,4,31,23,L,1,4,107,49,58,0,98,337,337,3343,3205,3.15,3.15,31.24,29.95,0.458
2024020002,2024-10-05,BUF,NJD,away,1,3,18,37,L,1,3,108,49,59,0,98,338,340,3361,3242,3.13,3.15,31.12,30.02,0.454
2024020012,2024-10-10,BUF,LAK,home,1,3,33,23,L,1,3,109,49,60,0,98,339,343,3394,3265,3.11,3.15,31.14,29.95,0.45
2024020025,2024-10-12,BUF,FLA,home,5,2,27,25,W,5,2,110,50,60,0,100,344,345,3421,3290,3.13,3.14,31.1,29.91,0.455
2024020057,2024-10-16,BUF,PIT,away,5,6,33,43,L,5,6,111,50,61,0,100,349,351,3454,3333,3.14,3.16,31.12,30.03,0.45
2024020067,2024-10-17,BUF,CBJ,away,4,6,24,25,L,4,6,112,50,62,0,100,353,357,3478,3358,3.15,3.19,31.05,29.98,0.446
2024020085,2024-10-19,BUF,CHI,away,4,2,22,37,W,4,2,113,51,62,0,102,357,359,3500,3395,3.16,3.18,30.97,30.04,0.451
2024020095,2024-10-22,BUF,DAL,home,4,2,25,30,W,4,2,114,52,62,0,104,361,361,3525,3425,3.17,3.17,30.92,30.04,0.456
2024020122,2024-10-26,BUF,DET,home,5,3,39,25,W,5,3,115,53,62,0,106,366,364,3564,3450,3.18,3.17,30.99,30.0,0.461
2024020140,2024-10-28,BUF,FLA,home,2,5,28,31,L,2,5,116,53,63,0,106,368,369,3592,3481,3.17,3.18,30.97,30.01,0.457
2024020169,2024-11-01,BUF,NYI,home,3,4,35,36,L,3,4,117,53,64,0,106,371,373,3627,3517,3.17,3.19,31.0,30.06,0.453
2024020169,2024-11-01,BUF,NYI,home,3,4,35,36,L,3,4,118,53,65,0,106,374,377,3662,3553,3.17,3.19,31.03,30.11,0.449
2024020179,2024-11-02,BUF,DET,away,1,2,32,23,L,1,2,119,53,66,0,106,375,379,3694,3576,3.15,3.18,31.04,30.05,0.445
2024020179,2024-11-02,BUF,DET,away,1,2,32,23,L,1,2,120,53,67,0,106,376,381,3726,3599,3.13,3.18,31.05,29.99,0.442
2024020194,2024-11-05,BUF,OTT,home,5,1,34,38,W,5,1,121,54,67,0,108,381,382,3760,3637,3.15,3.16,31.07,30.06,0.446
2024020194,2024-11-05,BUF,OTT,home,5,1,34,38,W,5,1,122,55,67,0,110,386,383,3794,3675,3.16,3.14,31.1,30.12,0.451
2024020213,2024-11-07,BUF,NYR,away,6,1,22,26,W,6,1,123,56,67,0,112,392,384,3816,3701,3.19,3.12,31.02,30.09,0.455
2024020224,2024-11-09,BUF,CGY,home,3,2,19,26,W,3,2,124,57,67,0,114,395,386,3835,3727,3.19,3.11,30.93,30.06,0.46
2024020239,2024-11-11,BUF,MTL,home,5,7,18,23,L,5,7,125,57,68,0,114,400,393,3853,3750,3.2,3.14,30.82,30.0,0.456
