game_id,game_date,team,opponent,home_away,team_score,opponent_score,shots_for,shots_against,result,goals_for,goals_against,games_played,wins,losses,ties,points,cum_goals_for,cum_goals_against,cum_shots_for,cum_shots_against,avg_goals_for,avg_goals_against,avg_shots_for,avg_shots_against,points_pct
2022020004,2022-10-11,VGK,LAK,away,4,3,51,30,W,4,3,1,1,0,0,2,4,3,51,30,4.0,3.0,51.0,30.0,1.0
2022020019,2022-10-13,VGK,CHI,home,1,0,37,27,W,1,0,2,2,0,0,4,5,3,88,57,2.5,1.5,44.0,28.5,1.0
2022020037,2022-10-15,VGK,SEA,away,5,2,30,33,W,5,2,3,3,0,0,6,10,5,118,90,3.33,1.67,39.33,30.0,1.0
2022020055,2022-10-18,VGK,CGY,away,2,3,21,40,L,2,3,4,3,1,0,6,12,8,139,130,3.0,2.0,34.75,32.5,0.75
2022020070,2022-10-20,VGK,WPG,home,5,2,32,28,W,5,2,5,4,1,0,8,17,10,171,158,3.4,2.0,34.2,31.6,0.8
2022020086,2022-10-22,VGK,COL,home,2,3,35,25,L,2,3,6,4,2,0,8,19,13,206,183,3.17,2.17,34.33,30.5,0.667
2022020096,2022-10-24,VGK,TOR,home,3,1,33,23,W,3,1,7,5,2,0,10,22,14,239,206,3.14,2.0,34.14,29.43,0.714
2022020107,2022-10-25,VGK,SJS,away,4,2,31,31,W,4,2,8,6,2,0,12,26,16,270,237,3.25,2.0,33.75,29.62,0.75
2022020121,2022-10-28,VGK,ANA,home,4,0,22,29,W,4,0,9,7,2,0,14,30,16,292,266,3.33,1.78,32.44,29.56,0.778
2022020143,2022-10-30,VGK,WPG,home,2,1,48,24,W,2,1,10,8,2,0,16,32,17,340,290,3.2,1.7,34.0,29.0,0.8
2022020150,2022-11-01,VGK,WSH,away,3,2,31,21,W,3,2,11,9,2,0,18,35,19,371,311,3.18,1.73,33.73,28.27,0.818
2022020163,2022-11-03,VGK,OTT,away,5,4,32,46,W,5,4,12,10,2,0,20,40,23,403,357,3.33,1.92,33.58,29.75,0.833
2022020184,2022-11-05,VGK,MTL,away,6,4,42,31,W,6,4,13,11,2,0,22,46,27,445,388,3.54,2.08,34.23,29.85,0.846
2022020201,2022-11-08,VGK,TOR,away,4,3,20,31,W,4,3,14,12,2,0,24,50,30,465,419,3.57,2.14,33.21,29.93,0.857
2022020215,2022-11-10,VGK,BUF,away,7,4,36,35,W,7,4,15,13,2,0,26,57,34,501,454,3.8,2.27,33.4,30.27,0.867
2022020235,2022-11-12,VGK,STL,home,2,3,36,28,L,2,3,16,13,3,0,26,59,37,537,482,3.69,2.31,33.56,30.12,0.812
2022020256,2022-11-15,VGK,SJS,home,2,5,26,29,L,2,5,17,13,4,0,26,61,42,563,511,3.59,2.47,33.12,30.06,0.765
2022020270,2022-11-17,VGK,ARI,home,4,1,39,26,W,4,1,18,14,4,0,28,65,43,602,537,3.61,2.39,33.44,29.83,0.778
2022020287,2022-11-19,VGK,EDM,away,3,4,34,23,L,3,4,19,14,5,0,28,68,47,636,560,3.58,2.47,33.47,29.47,0.737
2022020300,2022-11-21,VGK,VAN,away,5,4,38,29,W,5,4,20,15,5,0,30,73,51,674,589,3.65,2.55,33.7,29.45,0.75
2022020315,2022-11-23,VGK,OTT,home,4,1,36,40,W,4,1,21,16,5,0,32,77,52,710,629,3.67,2.48,33.81,29.95,0.762
2022020329,2022-11-25,VGK,SEA,home,2,4,22,28,L,2,4,22,16,6,0,32,79,56,732,657,3.59,2.55,33.27,29.86,0.727
2022020340,2022-11-26,VGK,VAN,home,1,5,27,36,L,1,5,23,16,7,0,32,80,61,759,693,3.48,2.65,33.0,30.13,0.696
2022020349,2022-11-28,VGK,CBJ,away,3,2,36,28,W,3,2,24,17,7,0,34,83,63,795,721,3.46,2.62,33.12,30.04,0.708
2022020368,2022-12-01,VGK,PIT,away,3,4,37,47,L,3,4,25,17,8,0,34,86,67,832,768,3.44,2.68,33.28,30.72,0.68
2023020003,2023-10-10,VGK,SEA,home,4,1,28,33,W,4,1,26,18,8,0,36,90,68,860,801,3.46,2.62,33.08,30.81,0.692
2023020016,2023-10-12,VGK,SJS,away,4,1,32,23,W,4,1,27,19,8,0,38,94,69,892,824,3.48,2.56,33.04,30.52,0.704
2023020031,2023-10-14,VGK,ANA,home,4,1,38,23,W,4,1,28,20,8,0,40,98,70,930,847,3.5,2.5,33.21,30.25,0.714
2023020048,2023-10-17,VGK,DAL,home,3,2,34,26,W,3,2,29,21,8,0,42,101,72,964,873,3.48,2.48,33.24,30.1,0.724
2023020058,2023-10-19,VGK,WPG,away,5,3,27,39,W,5,3,30,22,8,0,44,106,75,991,912,3.53,2.5,33.03,30.4,0.733
2023020071,2023-10-21,VGK,CHI,away,5,3,24,24,W,5,3,31,23,8,0,46,111,78,1015,936,3.58,2.52,32.74,30.19,0.742
2023020098,2023-10-24,VGK,PHI,home,3,2,29,28,W,3,2,32,24,8,0,48,114,80,1044,964,3.56,2.5,32.62,30.12,0.75
2023020111,2023-10-27,VGK,CHI,home,3,4,21,24,L,3,4,33,24,9,0,48,117,84,1065,988,3.55,2.55,32.27,29.94,0.727
2023020125,2023-10-28,VGK,LAK,away,4,3,30,40,W,4,3,34,25,9,0,50,121,87,1095,1028,3.56,2.56,32.21,30.24,0.735
2023020138,2023-10-30,VGK,MTL,home,3,2,25,39,W,3,2,35,26,9,0,52,124,89,1120,1067,3.54,2.54,32.0,30.49,0.743
2023020155,2023-11-02,VGK,WPG,home,5,2,26,31,W,5,2,36,27,9,0,54,129,91,1146,1098,3.58,2.53,31.83,30.5,0.75
2023020173,2023-11-04,VGK,COL,home,7,0,34,41,W,7,0,37,28,9,0,56,136,91,1180,1139,3.68,2.46,31.89,30.78,0.757
2023020175,2023-11-05,VGK,ANA,away,2,4,32,23,L,2,4,38,28,10,0,56,138,95,1212,1162,3.63,2.5,31.89,30.58,0.737
2023020192,2023-11-08,VGK,LAK,home,1,4,38,33,L,1,4,39,28,11,0,56,139,99,1250,1195,3.56,2.54,32.05,30.64,0.718
2023020209,2023-11-10,VGK,SJS,home,5,0,39,20,W,5,0,40,29,11,0,58,144,99,1289,1215,3.6,2.48,32.22,30.38,0.725
2023020232,2023-11-14,VGK,WSH,away,0,3,35,31,L,0,3,41,29,12,0,58,144,102,1324,1246,3.51,2.49,32.29,30.39,0.707
2023020244,2023-11-16,VGK,MTL,away,6,5,42,28,W,6,5,42,30,12,0,60,150,107,1366,1274,3.57,2.55,32.52,30.33,0.714
2023020255,2023-11-18,VGK,PHI,away,3,4,31,38,L,3,4,43,30,13,0,60,153,111,1397,1312,3.56,2.58,32.49,30.51,0.698
2023020269,2023-11-19,VGK,PIT,away,0,3,38,32,L,0,3,44,30,14,0,60,153,114,1435,1344,3.48,2.59,32.61,30.55,0.682
2023020289,2023-11-22,VGK,DAL,away,2,1,26,32,W,2,1,45,31,14,0,62,155,115,1461,1376,3.44,2.56,32.47,30.58,0.689
2023020315,2023-11-25,VGK,ARI,home,0,2,34,18,L,0,2,46,31,15,0,62,155,117,1495,1394,3.37,2.54,32.5,30.3,0.674
2023020325,2023-11-27,VGK,CGY,away,1,2,28,34,L,1,2,47,31,16,0,62,156,119,1523,1428,3.32,2.53,32.4,30.38,0.66
2023020335,2023-11-28,VGK,EDM,away,4,5,27,34,L,4,5,48,31,17,0,62,160,124,1550,1462,3.33,2.58,32.29,30.46,0.646
2023020353,2023-11-30,VGK,VAN,away,4,1,44,22,W,4,1,49,32,17,0,64,164,125,1594,1484,3.35,2.55,32.53,30.29,0.653
2023020368,2023-12-02,VGK,WSH,home,4,1,36,22,W,4,1,50,33,17,0,66,168,126,1630,1506,3.36,2.52,32.6,30.12,0.66
2023020379,2023-12-04,VGK,STL,home,1,2,34,27,L,1,2,51,33,18,0,66,169,128,1664,1533,3.31,2.51,32.63,30.06,0.647
2023020390,2023-12-06,VGK,STL,away,6,3,49,29,W,6,3,52,34,18,0,68,175,131,1713,1562,3.37,2.52,32.94,30.04,0.654
2023020410,2023-12-09,VGK,DAL,away,6,1,27,20,W,6,1,53,35,18,0,70,181,132,1740,1582,3.42,2.49,32.83,29.85,0.66
2023020427,2023-12-10,VGK,SJS,home,5,4,27,38,W,5,4,54,36,18,0,72,186,136,1767,1620,3.44,2.52,32.72,30.0,0.667
2023020440,2023-12-12,VGK,CGY,home,5,4,39,31,W,5,4,55,37,18,0,74,191,140,1806,1651,3.47,2.55,32.84,30.02,0.673
2023020460,2023-12-15,VGK,BUF,home,2,5,35,27,L,2,5,56,37,19,0,74,193,145,1841,1678,3.45,2.59,32.88,29.96,0.661
2023020478,2023-12-17,VGK,OTT,home,6,3,31,25,W,6,3,57,38,19,0,76,199,148,1872,1703,3.49,2.6,32.84,29.88,0.667
2023020486,2023-12-19,VGK,CAR,away,3,6,33,39,L,3,6,58,38,20,0,76,202,154,1905,1742,3.48,2.66,32.84,30.03,0.655
2023020504,2023-12-21,VGK,TBL,away,4,5,34,36,L,4,5,59,38,21,0,76,206,159,1939,1778,3.49,2.69,32.86,30.14,0.644
2023020514,2023-12-23,VGK,FLA,away,2,4,25,42,L,2,4,60,38,22,0,76,208,163,1964,1820,3.47,2.72,32.73,30.33,0.633
2023020540,2023-12-27,VGK,ANA,away,2,5,32,26,L,2,5,61,38,23,0,76,210,168,1996,1846,3.44,2.75,32.72,30.26,0.623
2023020544,2023-12-28,VGK,LAK,home,3,2,32,34,W,3,2,62,39,23,0,78,213,170,2028,1880,3.44,2.74,32.71,30.32,0.629
2023020573,2024-01-01,VGK,SEA,away,0,3,35,27,L,0,3,63,39,24,0,78,213,173,2063,1907,3.38,2.75,32.75,30.27,0.619
2023020599,2024-01-04,VGK,FLA,home,1,4,27,36,L,1,4,64,39,25,0,78,214,177,2090,1943,3.34,2.77,32.66,30.36,0.609
2023020616,2024-01-06,VGK,NYI,home,5,2,30,29,W,5,2,65,40,25,0,80,219,179,2120,1972,3.37,2.75,32.62,30.34,0.615
2023020637,2024-01-10,VGK,COL,away,0,3,25,35,L,0,3,66,40,26,0,80,219,182,2145,2007,3.32,2.76,32.5,30.41,0.606
2023020650,2024-01-11,VGK,BOS,home,2,1,25,33,W,2,1,67,41,26,0,82,221,183,2170,2040,3.3,2.73,32.39,30.45,0.612
2023020668,2024-01-13,VGK,CGY,home,1,3,32,26,L,1,3,68,41,27,0,82,222,186,2202,2066,3.26,2.74,32.38,30.38,0.603
2023020680,2024-01-15,VGK,NSH,home,4,1,29,35,W,4,1,69,42,27,0,84,226,187,2231,2101,3.28,2.71,32.33,30.45,0.609
2023020701,2024-01-18,VGK,NYR,home,5,1,26,30,W,5,1,70,43,27,0,86,231,188,2257,2131,3.3,2.69,32.24,30.44,0.614
2023020716,2024-01-20,VGK,PIT,home,3,2,29,25,W,3,2,71,44,27,0,88,234,190,2286,2156,3.3,2.68,32.2,30.37,0.62
2023020725,2024-01-22,VGK,NJD,away,5,6,32,38,L,5,6,72,44,28,0,88,239,196,2318,2194,3.32,2.72,32.19,30.47,0.611
2023020733,2024-01-23,VGK,NYI,away,3,2,27,42,W,3,2,73,45,28,0,90,242,198,2345,2236,3.32,2.71,32.12,30.63,0.616
2023020755,2024-01-26,VGK,NYR,away,5,2,20,38,W,5,2,74,46,28,0,92,247,200,2365,2274,3.34,2.7,31.96,30.73,0.622
2023020764,2024-01-27,VGK,DET,away,2,5,30,29,L,2,5,75,46,29,0,92,249,205,2395,2303,3.32,2.73,31.93,30.71,0.613
2023020790,2024-02-06,VGK,EDM,home,3,1,26,31,W,3,1,76,47,29,0,94,252,206,2421,2334,3.32,2.71,31.86,30.71,0.618
2023020800,2024-02-08,VGK,ARI,away,3,2,34,22,W,3,2,77,48,29,0,96,255,208,2455,2356,3.31,2.7,31.88,30.6,0.623
2023020822,2024-02-12,VGK,MIN,home,3,5,30,29,L,3,5,78,48,30,0,96,258,213,2485,2385,3.31,2.73,31.86,30.58,0.615
2023020862,2024-02-17,VGK,CAR,home,1,3,30,28,L,1,3,79,48,31,0,96,259,216,2515,2413,3.28,2.73,31.84,30.54,0.608
2023020873,2024-02-19,VGK,SJS,away,4,0,26,29,W,4,0,80,49,31,0,98,263,216,2541,2442,3.29,2.7,31.76,30.52,0.612
2023020882,2024-02-20,VGK,NSH,home,3,5,26,40,L,3,5,81,49,32,0,98,266,221,2567,2482,3.28,2.73,31.69,30.64,0.605
2023020898,2024-02-22,VGK,TOR,home,3,7,26,42,L,3,7,82,49,33,0,98,269,228,2593,2524,3.28,2.78,31.62,30.78,0.598
2023020910,2024-02-24,VGK,OTT,away,3,4,29,33,L,3,4,83,49,34,0,98,272,232,2622,2557,3.28,2.8,31.59,30.81,0.59
2023020931,2024-02-27,VGK,TOR,away,6,2,32,30,W,6,2,84,50,34,0,100,278,234,2654,2587,3.31,2.79,31.6,30.8,0.595
2023020941,2024-02-29,VGK,BOS,away,4,5,36,32,L,4,5,85,50,35,0,100,282,239,2690,2619,3.32,2.81,31.65,30.81,0.588
2023020960,2024-03-02,VGK,BUF,away,2,7,24,35,L,2,7,86,50,36,0,100,284,246,2714,2654,3.3,2.86,31.56,30.86,0.581
2023020975,2024-03-04,VGK,CBJ,away,3,6,39,33,L,3,6,87,50,37,0,100,287,252,2753,2687,3.3,2.9,31.64,30.89,0.575
2023021002,2024-03-07,VGK,VAN,home,1,3,28,35,L,1,3,88,50,38,0,100,288,255,2781,2722,3.27,2.9,31.6,30.93,0.568
2023021020,2024-03-09,VGK,DET,home,5,3,36,26,W,5,3,89,51,38,0,102,293,258,2817,2748,3.29,2.9,31.65,30.88,0.573
2023021040,2024-03-12,VGK,SEA,away,5,4,34,30,W,5,4,90,52,38,0,104,298,262,2851,2778,3.31,2.91,31.68,30.87,0.578
2023021055,2024-03-14,VGK,CGY,away,1,4,29,37,L,1,4,91,52,39,0,104,299,266,2880,2815,3.29,2.92,31.65,30.93,0.571
2023021074,2024-03-17,VGK,NJD,home,3,1,37,21,W,3,1,92,53,39,0,106,302,267,2917,2836,3.28,2.9,31.71,30.83,0.576
2023021094,2024-03-19,VGK,TBL,home,3,5,27,21,L,3,5,93,53,40,0,106,305,272,2944,2857,3.28,2.92,31.66,30.72,0.57
2023021107,2024-03-21,VGK,SEA,home,3,1,37,22,W,3,1,94,54,40,0,108,308,273,2981,2879,3.28,2.9,31.71,30.63,0.574
2023021123,2024-03-23,VGK,CBJ,home,4,2,47,22,W,4,2,95,55,40,0,110,312,275,3028,2901,3.28,2.89,31.87,30.54,0.579
2023021134,2024-03-25,VGK,STL,away,2,1,34,32,W,2,1,96,56,40,0,112,314,276,3062,2933,3.27,2.88,31.9,30.55,0.583
2023021141,2024-03-26,VGK,NSH,away,4,5,35,35,L,4,5,97,56,41,0,112,318,281,3097,2968,3.28,2.9,31.93,30.6,0.577
2023021158,2024-03-28,VGK,WPG,away,4,1,27,40,W,4,1,98,57,41,0,114,322,282,3124,3008,3.29,2.88,31.88,30.69,0.582
2023021166,2024-03-30,VGK,MIN,away,2,1,31,33,W,2,1,99,58,41,0,116,324,283,3155,3041,3.27,2.86,31.87,30.72,0.586
2023021196,2024-04-02,VGK,VAN,home,6,3,30,30,W,6,3,100,59,41,0,118,330,286,3185,3071,3.3,2.86,31.85,30.71,0.59
2023021216,2024-04-05,VGK,ARI,away,4,7,24,32,L,4,7,101,59,42,0,118,334,293,3209,3103,3.31,2.9,31.77,30.72,0.584
2023021238,2024-04-08,VGK,VAN,away,3,4,23,30,L,3,4,102,59,43,0,118,337,297,3232,3133,3.3,2.91,31.69,30.72,0.578
2023021253,2024-04-10,VGK,EDM,away,1,5,18,25,L,1,5,103,59,44,0,118,338,302,3250,3158,3.28,2.93,31.55,30.66,0.573
2023021269,2024-04-12,VGK,MIN,home,7,2,30,27,W,7,2,104,60,44,0,120,345,304,3280,3185,3.32,2.92,31.54,30.62,0.577
2023021284,2024-04-14,VGK,COL,home,4,3,30,24,W,4,3,105,61,44,0,122,349,307,3310,3209,3.32,2.92,31.52,30.56,0.581
2023021301,2024-04-16,VGK,CHI,home,3,1,37,23,W,3,1,106,62,44,0,124,352,308,3347,3232,3.32,2.91,31.58,30.49,0.585
2023021311,2024-04-18,VGK,ANA,home,1,4,33,23,L,1,4,107,62,45,0,124,353,312,3380,3255,3.3,2.92,31.59,30.42,0.579
2024020010,2024-10-09,VGK,COL,home,8,4,21,32,W,8,4,108,63,45,0,126,361,316,3401,3287,3.34,2.93,31.49,30.44,0.583
2024020023,2024-10-11,VGK,STL,home,4,3,28,22,W,4,3,109,64,45,0,128,365,319,3429,3309,3.35,2.93,31.46,30.36,0.587
2024020041,2024-10-13,VGK,ANA,home,3,1,32,23,W,3,1,110,65,45,0,130,368,320,3461,3332,3.35,2.91,31.46,30.29,0.591
2024020049,2024-10-15,VGK,WSH,away,2,4,26,22,L,2,4,111,65,46,0,130,370,324,3487,3354,3.33,2.92,31.41,30.22,0.586
2024020064,2024-10-17,VGK,TBL,away,3,4,25,25,L,3,4,112,65,47,0,130,373,328,3512,3379,3.33,2.93,31.36,30.17,0.58
2024020078,2024-10-19,VGK,FLA,away,3,4,26,49,L,3,4,113,65,48,0,130,376,332,3538,3428,3.33,2.94,31.31,30.34,0.575
2024020107,2024-10-22,VGK,LAK,home,6,1,30,35,W,6,1,114,66,48,0,132,382,333,3568,3463,3.35,2.92,31.3,30.38,0.579
2024020118,2024-10-25,VGK,OTT,home,6,4,28,39,W,6,4,115,67,48,0,134,388,337,3596,3502,3.37,2.93,31.27,30.45,0.583
2024020134,2024-10-26,VGK,SJS,home,7,3,42,26,W,7,3,116,68,48,0,136,395,340,3638,3528,3.41,2.93,31.36,30.41,0.586
2024020147,2024-10-28,VGK,CGY,home,5,0,38,16,W,5,0,117,69,48,0,138,400,340,3676,3544,3.42,2.91,31.42,30.29,0.59
2024020160,2024-10-30,VGK,LAK,away,3,6,26,27,L,3,6,118,69,49,0,138,403,346,3702,3571,3.42,2.93,31.37,30.26,0.585
2024020160,2024-10-30,VGK,LAK,away,3,6,26,27,L,3,6,119,69,50,0,138,406,352,3728,3598,3.41,2.96,31.33,30.24,0.58
2024020183,2024-11-02,VGK,UTA,home,4,3,35,19,W,4,3,120,70,50,0,140,410,355,3763,3617,3.42,2.96,31.36,30.14,0.583
2024020183,2024-11-02,VGK,UTA,home,4,3,35,19,W,4,3,121,71,50,0,142,414,358,3798,3636,3.42,2.96,31.39,30.05,0.587
2024020207,2024-11-06,VGK,EDM,away,4,2,35,29,W,4,2,122,72,50,0,144,418,360,3833,3665,3.43,2.95,31.42,30.04,0.59
2024020223,2024-11-08,VGK,SEA,away,3,4,24,32,L,3,4,123,72,51,0,144,421,364,3857,3697,3.42,2.96,31.36,30.06,0.585
2024020244,2024-11-11,VGK,CAR,home,2,5,32,34,L,2,5,124,72,52,0,144,423,369,3889,3731,3.41,2.98,31.36,30.09,0.581
