game_id,game_date,team,opponent,home_away,team_score,opponent_score,shots_for,shots_against,result,goals_for,goals_against,games_played,wins,losses,ties,points,cum_goals_for,cum_goals_against,cum_shots_for,cum_shots_against,avg_goals_for,avg_goals_against,avg_shots_for,avg_shots_against,points_pct
2022020008,2022-10-12,COL,CHI,home,5,2,35,17,W,5,2,1,1,0,0,2,5,2,35,17,5.0,2.0,35.0,17.0,1.0
2022020018,2022-10-13,COL,CGY,away,3,5,25,27,L,3,5,2,1,1,0,2,8,7,60,44,4.0,3.5,30.0,22.0,0.5
2022020045,2022-10-17,COL,MIN,away,6,3,38,39,W,6,3,3,2,1,0,4,14,10,98,83,4.67,3.33,32.67,27.67,0.667
2022020057,2022-10-19,COL,WPG,home,3,4,33,28,L,3,4,4,2,2,0,4,17,14,131,111,4.25,3.5,32.75,27.75,0.5
2022020073,2022-10-21,COL,SEA,home,2,3,20,38,L,2,3,5,2,3,0,4,19,17,151,149,3.8,3.4,30.2,29.8,0.4
2022020086,2022-10-22,COL,VGK,away,3,2,25,35,W,3,2,6,3,3,0,6,22,19,176,184,3.67,3.17,29.33,30.67,0.5
2022020099,2022-10-25,COL,NYR,away,3,2,44,46,W,3,2,7,4,3,0,8,25,21,220,230,3.57,3.0,31.43,32.86,0.571
2022020123,2022-10-28,COL,NJD,away,0,1,24,23,L,0,1,8,4,4,0,8,25,22,244,253,3.12,2.75,30.5,31.62,0.5
2022020135,2022-10-29,COL,NYI,away,4,5,37,44,L,4,5,9,4,5,0,8,29,27,281,297,3.22,3.0,31.22,33.0,0.444
2022020175,2022-11-04,COL,CBJ,home,6,3,36,39,W,6,3,10,5,5,0,10,35,30,317,336,3.5,3.0,31.7,33.6,0.5
2022020185,2022-11-05,COL,CBJ,away,5,1,45,32,W,5,1,11,6,5,0,12,40,31,362,368,3.64,2.82,32.91,33.45,0.545
2022020219,2022-11-10,COL,NSH,home,5,3,35,35,W,5,3,12,7,5,0,14,45,34,397,403,3.75,2.83,33.08,33.58,0.583
2022020233,2022-11-12,COL,CAR,home,4,1,28,25,W,4,1,13,8,5,0,16,49,35,425,428,3.77,2.69,32.69,32.92,0.615
2022020247,2022-11-14,COL,STL,home,2,3,47,39,L,2,3,14,8,6,0,16,51,38,472,467,3.64,2.71,33.71,33.36,0.571
2022020261,2022-11-17,COL,CAR,away,3,2,15,48,W,3,2,15,9,6,0,18,54,40,487,515,3.6,2.67,32.47,34.33,0.6
2022020278,2022-11-19,COL,WSH,away,4,0,29,32,W,4,0,16,10,6,0,20,58,40,516,547,3.62,2.5,32.25,34.19,0.625
2022020298,2022-11-21,COL,DAL,away,3,2,35,24,W,3,2,17,11,6,0,22,61,42,551,571,3.59,2.47,32.41,33.59,0.647
2022020317,2022-11-23,COL,VAN,home,3,4,36,25,L,3,4,18,11,7,0,22,64,46,587,596,3.56,2.56,32.61,33.11,0.611
2022020339,2022-11-26,COL,DAL,home,4,1,36,42,W,4,1,19,12,7,0,24,68,47,623,638,3.58,2.47,32.79,33.58,0.632
2022020357,2022-11-29,COL,WPG,away,0,5,40,23,L,0,5,20,12,8,0,24,68,52,663,661,3.4,2.6,33.15,33.05,0.6
2022020365,2022-12-01,COL,BUF,away,6,4,34,28,W,6,4,21,13,8,0,26,74,56,697,689,3.52,2.67,33.19,32.81,0.619
2022020320,2023-04-14,COL,NSH,away,4,3,34,21,W,4,3,22,14,8,0,28,78,59,731,710,3.55,2.68,33.23,32.27,0.636
2023020008,2023-10-11,COL,LAK,away,5,2,37,36,W,5,2,23,15,8,0,30,83,61,768,746,3.61,2.65,33.39,32.43,0.652
2023020030,2023-10-14,COL,SJS,away,2,1,52,21,W,2,1,24,16,8,0,32,85,62,820,767,3.54,2.58,34.17,31.96,0.667
2023020046,2023-10-17,COL,SEA,away,4,1,28,38,W,4,1,25,17,8,0,34,89,63,848,805,3.56,2.52,33.92,32.2,0.68
2023020061,2023-10-19,COL,CHI,home,4,0,41,18,W,4,0,26,18,8,0,36,93,63,889,823,3.58,2.42,34.19,31.65,0.692
2023020076,2023-10-21,COL,CAR,home,6,4,27,27,W,6,4,27,19,8,0,38,99,67,916,850,3.67,2.48,33.93,31.48,0.704
2023020090,2023-10-24,COL,NYI,away,7,4,38,32,W,7,4,28,20,8,0,40,106,71,954,882,3.79,2.54,34.07,31.5,0.714
2023020105,2023-10-26,COL,PIT,away,0,4,31,29,L,0,4,29,20,9,0,40,106,75,985,911,3.66,2.59,33.97,31.41,0.69
2023020126,2023-10-29,COL,BUF,away,0,4,23,29,L,0,4,30,20,10,0,40,106,79,1008,940,3.53,2.63,33.6,31.33,0.667
2023020143,2023-11-01,COL,STL,home,4,1,28,28,W,4,1,31,21,10,0,42,110,80,1036,968,3.55,2.58,33.42,31.23,0.677
2023020173,2023-11-04,COL,VGK,away,0,7,41,34,L,0,7,32,21,11,0,42,110,87,1077,1002,3.44,2.72,33.66,31.31,0.656
2023020188,2023-11-07,COL,NJD,home,6,3,32,23,W,6,3,33,22,11,0,44,116,90,1109,1025,3.52,2.73,33.61,31.06,0.667
2023020201,2023-11-09,COL,SEA,home,3,4,26,22,L,3,4,34,22,12,0,44,119,94,1135,1047,3.5,2.76,33.38,30.79,0.647
2023020219,2023-11-11,COL,STL,home,2,8,38,42,L,2,8,35,22,13,0,44,121,102,1173,1089,3.46,2.91,33.51,31.11,0.629
2023020228,2023-11-13,COL,SEA,away,5,1,31,19,W,5,1,36,23,13,0,46,126,103,1204,1108,3.5,2.86,33.44,30.78,0.639
2023020240,2023-11-15,COL,ANA,home,8,2,38,17,W,8,2,37,24,13,0,48,134,105,1242,1125,3.62,2.84,33.57,30.41,0.649
2023020264,2023-11-18,COL,DAL,away,6,3,38,28,W,6,3,38,25,13,0,50,140,108,1280,1153,3.68,2.84,33.68,30.34,0.658
2023020275,2023-11-20,COL,NSH,away,3,4,29,30,L,3,4,39,25,14,0,50,143,112,1309,1183,3.67,2.87,33.56,30.33,0.641
2023020291,2023-11-22,COL,VAN,home,5,2,25,29,W,5,2,40,26,14,0,52,148,114,1334,1212,3.7,2.85,33.35,30.3,0.65
2023020306,2023-11-24,COL,MIN,away,3,2,25,21,W,3,2,41,27,14,0,54,151,116,1359,1233,3.68,2.83,33.15,30.07,0.659
2023020313,2023-11-25,COL,CGY,home,3,1,24,30,W,3,1,42,28,14,0,56,154,117,1383,1263,3.67,2.79,32.93,30.07,0.667
2023020324,2023-11-27,COL,TBL,home,4,1,23,39,W,4,1,43,29,14,0,58,158,118,1406,1302,3.67,2.74,32.7,30.28,0.674
2023020350,2023-11-30,COL,ARI,away,3,4,31,32,L,3,4,44,29,15,0,58,161,122,1437,1334,3.66,2.77,32.66,30.32,0.659
2023020366,2023-12-02,COL,ANA,away,3,4,37,37,L,3,4,45,29,16,0,58,164,126,1474,1371,3.64,2.8,32.76,30.47,0.644
2023020373,2023-12-03,COL,LAK,away,1,4,21,38,L,1,4,46,29,17,0,58,165,130,1495,1409,3.59,2.83,32.5,30.63,0.63
2023020386,2023-12-05,COL,ANA,home,3,2,30,33,W,3,2,47,30,17,0,60,168,132,1525,1442,3.57,2.81,32.45,30.68,0.638
2023020402,2023-12-07,COL,WPG,home,2,4,34,28,L,2,4,48,30,18,0,60,170,136,1559,1470,3.54,2.83,32.48,30.62,0.625
2023020417,2023-12-09,COL,PHI,home,2,5,38,34,L,2,5,49,30,19,0,60,172,141,1597,1504,3.51,2.88,32.59,30.69,0.612
2023020431,2023-12-11,COL,CGY,home,6,5,38,32,W,6,5,50,31,19,0,62,178,146,1635,1536,3.56,2.92,32.7,30.72,0.62
2023020445,2023-12-13,COL,BUF,home,5,1,29,30,W,5,1,51,32,19,0,64,183,147,1664,1566,3.59,2.88,32.63,30.71,0.627
2023020467,2023-12-16,COL,WPG,away,2,6,32,25,L,2,6,52,32,20,0,64,185,153,1696,1591,3.56,2.94,32.62,30.6,0.615
2023020477,2023-12-17,COL,SJS,home,6,2,29,27,W,6,2,53,33,20,0,66,191,155,1725,1618,3.6,2.92,32.55,30.53,0.623
2023020492,2023-12-19,COL,CHI,away,2,3,37,22,L,2,3,54,33,21,0,66,193,158,1762,1640,3.57,2.93,32.63,30.37,0.611
2023020507,2023-12-21,COL,OTT,home,6,4,39,45,W,6,4,55,34,21,0,68,199,162,1801,1685,3.62,2.95,32.75,30.64,0.618
2023020525,2023-12-23,COL,ARI,home,4,1,26,25,W,4,1,56,35,21,0,70,203,163,1827,1710,3.62,2.91,32.62,30.54,0.625
2023020537,2023-12-27,COL,ARI,away,4,5,24,27,L,4,5,57,35,22,0,70,207,168,1851,1737,3.63,2.95,32.47,30.47,0.614
2023020552,2023-12-29,COL,STL,away,2,1,23,29,W,2,1,58,36,22,0,72,209,169,1874,1766,3.6,2.91,32.31,30.45,0.621
2023020571,2023-12-31,COL,SJS,home,3,1,33,11,W,3,1,59,37,22,0,74,212,170,1907,1777,3.59,2.88,32.32,30.12,0.627
2023020582,2024-01-02,COL,NYI,home,5,4,39,22,W,5,4,60,38,22,0,76,217,174,1946,1799,3.62,2.9,32.43,29.98,0.633
2023020593,2024-01-04,COL,DAL,away,5,4,34,32,W,5,4,61,39,22,0,78,222,178,1980,1831,3.64,2.92,32.46,30.02,0.639
2023020606,2024-01-06,COL,FLA,home,4,8,26,29,L,4,8,62,39,23,0,78,226,186,2006,1860,3.65,3.0,32.35,30.0,0.629
2023020624,2024-01-08,COL,BOS,home,4,3,36,26,W,4,3,63,40,23,0,80,230,189,2042,1886,3.65,3.0,32.41,29.94,0.635
2023020637,2024-01-10,COL,VGK,home,3,0,35,25,W,3,0,64,41,23,0,82,233,189,2077,1911,3.64,2.95,32.45,29.86,0.641
2023020662,2024-01-13,COL,TOR,away,5,3,33,29,W,5,3,65,42,23,0,84,238,192,2110,1940,3.66,2.95,32.46,29.85,0.646
2023020678,2024-01-15,COL,MTL,away,3,4,35,34,L,3,4,66,42,24,0,84,241,196,2145,1974,3.65,2.97,32.5,29.91,0.636
2023020682,2024-01-16,COL,OTT,away,7,4,34,40,W,7,4,67,43,24,0,86,248,200,2179,2014,3.7,2.99,32.52,30.06,0.642
2023020692,2024-01-18,COL,BOS,away,2,5,32,31,L,2,5,68,43,25,0,86,250,205,2211,2045,3.68,3.01,32.51,30.07,0.632
2023020707,2024-01-20,COL,PHI,away,7,4,25,40,W,7,4,69,44,25,0,88,257,209,2236,2085,3.72,3.03,32.41,30.22,0.638
2023020742,2024-01-24,COL,WSH,home,6,2,31,25,W,6,2,70,45,25,0,90,263,211,2267,2110,3.76,3.01,32.39,30.14,0.643
2023020757,2024-01-26,COL,LAK,home,5,1,31,27,W,5,1,71,46,25,0,92,268,212,2298,2137,3.77,2.99,32.37,30.1,0.648
2023020781,2024-02-05,COL,NYR,away,1,2,33,29,L,1,2,72,46,26,0,92,269,214,2331,2166,3.74,2.97,32.38,30.08,0.639
2023020787,2024-02-06,COL,NJD,away,3,5,38,31,L,3,5,73,46,27,0,92,272,219,2369,2197,3.73,3.0,32.45,30.1,0.63
2023020799,2024-02-08,COL,CAR,away,2,5,27,27,L,2,5,74,46,28,0,92,274,224,2396,2224,3.7,3.03,32.38,30.05,0.622
2023020809,2024-02-10,COL,FLA,away,0,4,34,41,L,0,4,75,46,29,0,92,274,228,2430,2265,3.65,3.04,32.4,30.2,0.613
2023020828,2024-02-13,COL,WSH,away,6,3,37,27,W,6,3,76,47,29,0,94,280,231,2467,2292,3.68,3.04,32.46,30.16,0.618
2023020842,2024-02-15,COL,TBL,away,3,6,31,39,L,3,6,77,47,30,0,94,283,237,2498,2331,3.68,3.08,32.44,30.27,0.61
2023020864,2024-02-18,COL,ARI,home,4,3,37,30,W,4,3,78,48,30,0,96,287,240,2535,2361,3.68,3.08,32.5,30.27,0.615
2023020881,2024-02-20,COL,VAN,home,3,1,27,25,W,3,1,79,49,30,0,98,290,241,2562,2386,3.67,3.05,32.43,30.2,0.62
2023020890,2024-02-22,COL,DET,away,1,2,31,30,L,1,2,80,49,31,0,98,291,243,2593,2416,3.64,3.04,32.41,30.2,0.612
2023020908,2024-02-24,COL,TOR,home,3,4,29,30,L,3,4,81,49,32,0,98,294,247,2622,2446,3.63,3.05,32.37,30.2,0.605
2023020936,2024-02-27,COL,DAL,home,5,1,27,34,W,5,1,82,50,32,0,100,299,248,2649,2480,3.65,3.02,32.3,30.24,0.61
2023020949,2024-02-29,COL,CHI,away,5,0,33,24,W,5,0,83,51,32,0,102,304,248,2682,2504,3.66,2.99,32.31,30.17,0.614
2023020959,2024-03-02,COL,NSH,away,1,5,26,35,L,1,5,84,51,33,0,102,305,253,2708,2539,3.63,3.01,32.24,30.23,0.607
2023020979,2024-03-04,COL,CHI,home,5,0,37,37,W,5,0,85,52,33,0,104,310,253,2745,2576,3.65,2.98,32.29,30.31,0.612
2023020991,2024-03-06,COL,DET,home,7,2,54,29,W,7,2,86,53,33,0,106,317,255,2799,2605,3.69,2.97,32.55,30.29,0.616
2023021006,2024-03-08,COL,MIN,home,2,1,40,30,W,2,1,87,54,33,0,108,319,256,2839,2635,3.67,2.94,32.63,30.29,0.621
2023021039,2024-03-12,COL,CGY,away,6,2,38,27,W,6,2,88,55,33,0,110,325,258,2877,2662,3.69,2.93,32.69,30.25,0.625
2023021044,2024-03-13,COL,VAN,away,4,3,34,21,W,4,3,89,56,33,0,112,329,261,2911,2683,3.7,2.93,32.71,30.15,0.629
2023021070,2024-03-16,COL,EDM,away,3,2,43,34,W,3,2,90,57,33,0,114,332,263,2954,2717,3.69,2.92,32.82,30.19,0.633
2023021089,2024-03-19,COL,STL,away,4,3,35,33,W,4,3,91,58,33,0,116,336,266,2989,2750,3.69,2.92,32.85,30.22,0.637
2023021111,2024-03-22,COL,CBJ,home,6,1,50,24,W,6,1,92,59,33,0,118,342,267,3039,2774,3.72,2.9,33.03,30.15,0.641
2023021125,2024-03-24,COL,PIT,home,5,4,30,34,W,5,4,93,60,33,0,120,347,271,3069,2808,3.73,2.91,33.0,30.19,0.645
2023021144,2024-03-26,COL,MTL,home,1,2,28,27,L,1,2,94,60,34,0,120,348,273,3097,2835,3.7,2.9,32.95,30.16,0.638
2023021159,2024-03-28,COL,NYR,home,2,3,40,25,L,2,3,95,60,35,0,120,350,276,3137,2860,3.68,2.91,33.02,30.11,0.632
2023021169,2024-03-30,COL,NSH,home,7,4,42,35,W,7,4,96,61,35,0,122,357,280,3179,2895,3.72,2.92,33.11,30.16,0.635
2023021181,2024-04-01,COL,CBJ,away,1,4,46,25,L,1,4,97,61,36,0,122,358,284,3225,2920,3.69,2.93,33.25,30.1,0.629
2023021207,2024-04-04,COL,MIN,away,5,2,36,46,W,5,2,98,62,36,0,124,363,286,3261,2966,3.7,2.92,33.28,30.27,0.633
2023021214,2024-04-05,COL,EDM,away,2,6,24,47,L,2,6,99,62,37,0,124,365,292,3285,3013,3.69,2.95,33.18,30.43,0.626
2023021236,2024-04-07,COL,DAL,home,4,7,38,37,L,4,7,100,62,38,0,124,369,299,3323,3050,3.69,2.99,33.23,30.5,0.62
2023021248,2024-04-09,COL,MIN,home,5,2,32,22,W,5,2,101,63,38,0,126,374,301,3355,3072,3.7,2.98,33.22,30.42,0.624
2023021272,2024-04-13,COL,WPG,home,0,7,30,26,L,0,7,102,63,39,0,126,374,308,3385,3098,3.67,3.02,33.19,30.37,0.618
2023021284,2024-04-14,COL,VGK,away,3,4,24,30,L,3,4,103,63,40,0,126,377,312,3409,3128,3.66,3.03,33.1,30.37,0.612
2023021310,2024-04-18,COL,EDM,home,5,1,27,26,W,5,1,104,64,40,0,128,382,313,3436,3154,3.67,3.01,33.04,30.33,0.615
2024020010,2024-10-09,COL,VGK,away,4,8,32,21,L,4,8,105,64,41,0,128,386,321,3468,3175,3.68,3.06,33.03,30.24,0.61
2024020034,2024-10-12,COL,CBJ,home,4,6,30,23,L,4,6,106,64,42,0,128,390,327,3498,3198,3.68,3.08,33.0,30.17,0.604
2024020047,2024-10-14,COL,NYI,home,2,6,34,37,L,2,6,107,64,43,0,128,392,333,3532,3235,3.66,3.11,33.01,30.23,0.598
2024020059,2024-10-16,COL,BOS,home,3,5,25,26,L,3,5,108,64,44,0,128,395,338,3557,3261,3.66,3.13,32.94,30.19,0.593
2024020074,2024-10-18,COL,ANA,home,4,3,49,19,W,4,3,109,65,44,0,130,399,341,3606,3280,3.66,3.13,33.08,30.09,0.596
2024020089,2024-10-20,COL,SJS,away,4,1,22,26,W,4,1,110,66,44,0,132,403,342,3628,3306,3.66,3.11,32.98,30.05,0.6
2024020106,2024-10-22,COL,SEA,away,3,2,28,27,W,3,2,111,67,44,0,134,406,344,3656,3333,3.66,3.1,32.94,30.03,0.604
2024020115,2024-10-24,COL,UTA,away,5,1,26,26,W,5,1,112,68,44,0,136,411,345,3682,3359,3.67,3.08,32.88,29.99,0.607
2024020139,2024-10-27,COL,OTT,home,5,4,32,30,W,5,4,113,69,44,0,138,416,349,3714,3389,3.68,3.09,32.87,29.99,0.611
2024020144,2024-10-28,COL,CHI,home,2,5,26,26,L,2,5,114,69,45,0,138,418,354,3740,3415,3.67,3.11,32.81,29.96,0.605
2024020157,2024-10-30,COL,TBL,home,2,5,35,21,L,2,5,115,69,46,0,138,420,359,3775,3436,3.65,3.12,32.83,29.88,0.6
2024020157,2024-10-30,COL,TBL,home,2,5,35,21,L,2,5,116,69,47,0,138,422,364,3810,3457,3.64,3.14,32.84,29.8,0.595
2024020182,2024-11-02,COL,NSH,away,2,5,31,26,L,2,5,117,69,48,0,138,424,369,3841,3483,3.62,3.15,32.83,29.77,0.59
2024020182,2024-11-02,COL,NSH,away,2,5,31,26,L,2,5,118,69,49,0,138,426,374,3872,3509,3.61,3.17,32.81,29.74,0.585
2024020202,2024-11-05,COL,SEA,home,6,3,32,20,W,6,3,119,70,49,0,140,432,377,3904,3529,3.63,3.17,32.81,29.66,0.588
2024020202,2024-11-05,COL,SEA,home,6,3,32,20,W,6,3,120,71,49,0,142,438,380,3936,3549,3.65,3.17,32.8,29.58,0.592
2024020217,2024-11-07,COL,WPG,away,0,1,35,28,L,0,1,121,71,50,0,142,438,381,3971,3577,3.62,3.15,32.82,29.56,0.587
2024020233,2024-11-09,COL,CAR,home,6,4,29,31,W,6,4,122,72,50,0,144,444,385,4000,3608,3.64,3.16,32.79,29.57,0.59
2024020243,2024-11-11,COL,NSH,home,3,2,32,30,W,3,2,123,73,50,0,146,447,387,4032,3638,3.63,3.15,32.78,29.58,0.593
